0.000000000000000000e+00
0.000000000000000000e+00
0.000000000000000000e+00
0.000000000000000000e+00
0.000000000000000000e+00
1.000000000000000000e+00
3.000000000000000000e+00
5.000000000000000000e+00
5.000000000000000000e+00
2.400000000000000000e+01
5.200000000000000000e+01
1.210000000000000000e+02
3.110000000000000000e+02
5.310000000000000000e+02
7.070000000000000000e+02
8.320000000000000000e+02
1.074000000000000000e+03
1.107000000000000000e+03
1.188000000000000000e+03
1.325000000000000000e+03
1.432000000000000000e+03
1.502000000000000000e+03
1.610000000000000000e+03
1.715000000000000000e+03
1.726000000000000000e+03
1.702000000000000000e+03
1.686000000000000000e+03
1.589000000000000000e+03
1.506000000000000000e+03
1.431000000000000000e+03
1.395000000000000000e+03
1.308000000000000000e+03
1.175000000000000000e+03
1.177000000000000000e+03
1.093000000000000000e+03
1.038000000000000000e+03
9.550000000000000000e+02
8.160000000000000000e+02
8.140000000000000000e+02
7.080000000000000000e+02
6.510000000000000000e+02
6.420000000000000000e+02
6.090000000000000000e+02
5.110000000000000000e+02
4.980000000000000000e+02
4.710000000000000000e+02
4.220000000000000000e+02
2.970000000000000000e+02
3.370000000000000000e+02
3.230000000000000000e+02
3.080000000000000000e+02
2.570000000000000000e+02
2.310000000000000000e+02
2.080000000000000000e+02
1.890000000000000000e+02
1.780000000000000000e+02
1.610000000000000000e+02
1.440000000000000000e+02
1.360000000000000000e+02
1.410000000000000000e+02
1.090000000000000000e+02
1.040000000000000000e+02
1.010000000000000000e+02
8.900000000000000000e+01
9.200000000000000000e+01
7.100000000000000000e+01
7.900000000000000000e+01
5.300000000000000000e+01
5.800000000000000000e+01
4.100000000000000000e+01
