5.000000000000000000e+00
9.000000000000000000e+00
1.600000000000000000e+01
1.500000000000000000e+01
1.500000000000000000e+01
2.300000000000000000e+01
2.200000000000000000e+01
1.900000000000000000e+01
4.500000000000000000e+01
5.200000000000000000e+01
5.400000000000000000e+01
8.700000000000000000e+01
1.110000000000000000e+02
1.790000000000000000e+02
2.030000000000000000e+02
2.520000000000000000e+02
3.380000000000000000e+02
4.060000000000000000e+02
5.140000000000000000e+02
5.770000000000000000e+02
6.240000000000000000e+02
8.440000000000000000e+02
9.450000000000000000e+02
1.031000000000000000e+03
1.196000000000000000e+03
1.225000000000000000e+03
1.455000000000000000e+03
1.481000000000000000e+03
1.664000000000000000e+03
1.663000000000000000e+03
1.760000000000000000e+03
1.780000000000000000e+03
1.821000000000000000e+03
1.830000000000000000e+03
1.709000000000000000e+03
1.722000000000000000e+03
1.660000000000000000e+03
1.632000000000000000e+03
1.605000000000000000e+03
1.494000000000000000e+03
1.309000000000000000e+03
1.256000000000000000e+03
1.062000000000000000e+03
9.150000000000000000e+02
7.950000000000000000e+02
7.320000000000000000e+02
6.690000000000000000e+02
5.040000000000000000e+02
4.060000000000000000e+02
4.230000000000000000e+02
3.200000000000000000e+02
2.790000000000000000e+02
2.090000000000000000e+02
1.830000000000000000e+02
1.500000000000000000e+02
1.440000000000000000e+02
1.050000000000000000e+02
9.300000000000000000e+01
7.000000000000000000e+01
7.000000000000000000e+01
5.700000000000000000e+01
4.000000000000000000e+01
2.500000000000000000e+01
1.800000000000000000e+01
1.800000000000000000e+01
1.800000000000000000e+01
5.000000000000000000e+00
1.100000000000000000e+01
1.200000000000000000e+01
5.000000000000000000e+00
