1.000000000000000000e+00
8.000000000000000000e+00
1.800000000000000000e+01
3.200000000000000000e+01
7.600000000000000000e+01
1.930000000000000000e+02
4.590000000000000000e+02
7.590000000000000000e+02
1.231000000000000000e+03
1.628000000000000000e+03
1.648000000000000000e+03
1.355000000000000000e+03
1.026000000000000000e+03
6.850000000000000000e+02
4.890000000000000000e+02
3.640000000000000000e+02
2.820000000000000000e+02
2.160000000000000000e+02
2.040000000000000000e+02
1.660000000000000000e+02
1.760000000000000000e+02
1.510000000000000000e+02
1.430000000000000000e+02
1.310000000000000000e+02
1.490000000000000000e+02
1.290000000000000000e+02
1.150000000000000000e+02
8.800000000000000000e+01
1.000000000000000000e+02
9.600000000000000000e+01
9.000000000000000000e+01
8.400000000000000000e+01
8.500000000000000000e+01
1.210000000000000000e+02
1.050000000000000000e+02
8.600000000000000000e+01
1.130000000000000000e+02
9.800000000000000000e+01
9.200000000000000000e+01
1.090000000000000000e+02
9.700000000000000000e+01
1.330000000000000000e+02
1.240000000000000000e+02
1.320000000000000000e+02
1.270000000000000000e+02
1.360000000000000000e+02
1.500000000000000000e+02
1.230000000000000000e+02
1.260000000000000000e+02
1.090000000000000000e+02
8.800000000000000000e+01
9.000000000000000000e+01
9.800000000000000000e+01
6.900000000000000000e+01
7.400000000000000000e+01
5.000000000000000000e+01
4.500000000000000000e+01
3.700000000000000000e+01
3.300000000000000000e+01
1.900000000000000000e+01
4.000000000000000000e+01
8.000000000000000000e+00
6.000000000000000000e+00
5.000000000000000000e+00
1.000000000000000000e+00
1.000000000000000000e+00
1.000000000000000000e+00
0.000000000000000000e+00
0.000000000000000000e+00
