0.000000000000000000e+00
6.491820306413921722e-03
6.491820306413921722e-03
1.038691249026227476e-01
1.947546091924176326e-01
2.856400934822125315e-01
9.153466632043629758e-01
2.265645286938458458e+00
4.161256816411323278e+00
6.290573876915090068e+00
7.433134250843940194e+00
5.608932744741628618e+00
3.155024668917161712e+00
2.239678005712806286e+00
1.772266943651003013e+00
1.428200467411060881e+00
1.629446896909892084e+00
1.389249545572581068e+00
1.116593092703196177e+00
1.110101272396779137e+00
9.218384835107755748e-01
9.023630225915363345e-01
8.179693586081552281e-01
5.972474681900800109e-01
6.037392884964938311e-01
4.479356011425599804e-01
5.518047260451857117e-01
4.089846793040765038e-01
3.375746559335234820e-01
2.856400934822137527e-01
3.375746559335234820e-01
1.622955076603478097e-01
1.687873279667617410e-01
2.272137107244869281e-01
1.233445858218650271e-01
1.622955076603482538e-01
1.298364061282782644e-01
8.439366398338087050e-02
1.103609452090365123e-01
7.790184367696695311e-02
9.088548428979478788e-02
6.491820306413913222e-02
5.842638275772586709e-02
3.895092183848347656e-02
3.245910153206956611e-02
6.491820306413913222e-02
1.298364061282782610e-02
6.491820306413913222e-02
1.947546091924173828e-02
5.842638275772521483e-02
5.193456245131130439e-02
7.790184367696695311e-02
5.842638275772586709e-02
5.842638275772521483e-02
7.790184367696695311e-02
1.298364061282782644e-01
8.439366398338087050e-02
9.088548428979478788e-02
8.439366398338087050e-02
8.439366398338180031e-02
6.491820306413913222e-02
3.895092183848347656e-02
6.491820306413913048e-03
6.491820306413913048e-03
6.491820306413913048e-03
0.000000000000000000e+00
0.000000000000000000e+00
0.000000000000000000e+00
0.000000000000000000e+00
