0.000000000000000000e+00
8.337502084375525771e-03
8.337502084375525771e-03
8.337502084375525771e-03
9.171252292813077134e-02
3.835250958812742028e-01
7.003501750875440468e-01
1.959312989828248419e+00
3.943638485909623181e+00
5.911288977822247048e+00
7.161914290478576639e+00
5.569451392362850584e+00
3.585125896281470936e+00
2.617975654493918558e+00
2.051025512756382341e+00
1.625812906453225182e+00
1.442387860596964000e+00
1.158912789728199666e+00
1.400700350175090314e+00
1.250625312656327148e+00
1.050525262631314849e+00
9.421377355344356941e-01
7.420376855094227286e-01
6.419876604969144696e-01
8.004002001000493083e-01
6.003001500750370090e-01
4.919126229781580206e-01
4.085376021344001574e-01
2.751375687843919948e-01
3.001500750375201698e-01
2.251125562781388922e-01
1.667500416875102587e-01
1.667500416875102587e-01
1.000500250125061635e-01
1.250625312656334087e-01
5.836251459062875846e-02
1.167250291812571977e-01
6.670001667500410902e-02
1.083875270968816806e-01
8.337502084375512934e-02
5.836251459062859887e-02
5.836251459062859887e-02
4.168751042187802958e-02
4.168751042187756467e-02
3.335000833750205451e-02
3.335000833750205451e-02
4.168751042187756467e-02
8.337502084375512934e-02
5.836251459062859887e-02
5.836251459062859887e-02
3.335000833750205451e-02
1.334000333500082180e-01
5.002501250625363688e-02
6.670001667500410902e-02
1.250625312656327148e-01
1.083875270968816806e-01
8.337502084375512934e-02
1.667500416875102587e-01
1.167250291812571977e-01
1.417375354343853033e-01
3.335000833750205451e-02
5.836251459062859887e-02
1.667500416875102726e-02
0.000000000000000000e+00
8.337502084375513628e-03
0.000000000000000000e+00
0.000000000000000000e+00
0.000000000000000000e+00
0.000000000000000000e+00
