4.495209026532021035e+00
4.342332810103922469e+00
4.284915181753014224e+00
4.252145815696665387e+00
4.223312335454691535e+00
4.202653387288733278e+00
4.172608865257720900e+00
4.149884022275165840e+00
4.117185893971113231e+00
4.089777168775068361e+00
4.075672093820378983e+00
4.051237544782710032e+00
4.029723743589193496e+00
4.000409408519219667e+00
3.984523389757120171e+00
3.946820809354244286e+00
3.939981985133789166e+00
3.914514488687821370e+00
3.897363999822460734e+00
3.868815470589673122e+00
3.851985551609646841e+00
3.852893832951425956e+00
3.830810129739537828e+00
3.785057683327167855e+00
3.782439695930274848e+00
3.756473535218232573e+00
3.745948157316437044e+00
3.730382708439671458e+00
3.700872469550882560e+00
3.693125363988648324e+00
3.686055017073229134e+00
3.657453059526220240e+00
3.637675678544928459e+00
3.617444156892748008e+00
3.578931247057500542e+00
3.552136947475012629e+00
3.525164553511783261e+00
3.501905427387005165e+00
3.469492250092137908e+00
3.433597327653783449e+00
3.424523418955028209e+00
3.397889404315207251e+00
3.359741587960479059e+00
3.341878721572153488e+00
3.330667680304506106e+00
3.289723782172143007e+00
3.281308822682129644e+00
3.257132510496534294e+00
3.216856466291950767e+00
3.188227794587830566e+00
3.144376505689870704e+00
3.107987371344959726e+00
3.076442404156205068e+00
3.044585771801153307e+00
3.012773663041286909e+00
2.986976691990948840e+00
2.956883194005233584e+00
2.921798600999250262e+00
2.901762983165884879e+00
2.870137873505797188e+00
2.845088898854570836e+00
2.819456665106418125e+00
2.792844912264190071e+00
2.763584005508438413e+00
2.737079109294655588e+00
2.695527464088014025e+00
2.654775017414948035e+00
2.619650353173298640e+00
2.583739847476628881e+00
2.547364070210274001e+00
2.515734508190667462e+00
2.485683307620377924e+00
2.459372089045650078e+00
2.432974049460311150e+00
2.402588921926131604e+00
2.379476723665465254e+00
2.349917508821973033e+00
2.326729620449490721e+00
2.304294180835639416e+00
2.284118313677439893e+00
2.249376552354384273e+00
2.214393250527447510e+00
2.178204472360870447e+00
2.144388801817667556e+00
2.111548198009021604e+00
2.080183551380767604e+00
2.052804879611473066e+00
2.028197801642460885e+00
2.001918862674242128e+00
1.977561116838267630e+00
1.956715169572530222e+00
1.935430664894218111e+00
1.913404842356071001e+00
1.896336722141802822e+00
1.876150837174686670e+00
1.862571140643183298e+00
1.838229534610463567e+00
1.810387817451242221e+00
1.783045321103036152e+00
1.756599975197812524e+00
1.732328493827509419e+00
1.709791206489672089e+00
1.690575935897594473e+00
1.668218412575317666e+00
1.649005368162999474e+00
1.627848868820845007e+00
1.609285312353291753e+00
1.593736003279780267e+00
1.576714632840456431e+00
1.565713409015119240e+00
1.551169776647855159e+00
1.539905307065984719e+00
1.522265058653585967e+00
1.502342141170532663e+00
1.481670392470957776e+00
1.465616575409503408e+00
1.449850770354403906e+00
1.434644571236288968e+00
1.421966477507286886e+00
1.412122310611826581e+00
1.400238963056881225e+00
1.389116690707134172e+00
1.379365188544153131e+00
1.368210358315426589e+00
1.358397914481535462e+00
1.348750207949830138e+00
1.340130718194434412e+00
1.335017183287407594e+00
1.325714117209682907e+00
1.312792117660806834e+00
1.298095713707563048e+00
1.284217569952083693e+00
1.275486632072489579e+00
1.263099472210776231e+00
1.253044513919360448e+00
1.245794959533320867e+00
1.240316331145775219e+00
1.231142105221617822e+00
1.222597192488157347e+00
1.216447092630723592e+00
1.211823317270734890e+00
1.207777652966979254e+00
1.202659109155494122e+00
1.199503081938034121e+00
1.193904239843488035e+00
1.182796020253471525e+00
1.175962274505591543e+00
1.168726355470577571e+00
1.160477872485686124e+00
1.152911922301361525e+00
1.147786352110011343e+00
1.141859078932856431e+00
1.135975911942181948e+00
1.128992803446079218e+00
1.126693368459112943e+00
1.123820831320371472e+00
1.120083423345156870e+00
1.115224646884330539e+00
1.110029160734915976e+00
1.106770381407942594e+00
1.100424829924457448e+00
1.092710490945554280e+00
1.087875785053375122e+00
1.082475803422636940e+00
1.077297813654767733e+00
1.071356522501941244e+00
1.068268985096137325e+00
1.064387327629333857e+00
1.060870450586520741e+00
1.058137954068260722e+00
1.056164723984144072e+00
1.053530144591232620e+00
1.050696009053338820e+00
1.048233923807711410e+00
1.045836223854808900e+00
1.043178060870072921e+00
1.040311784861904565e+00
1.035473670131969115e+00
1.031475468676362084e+00
1.028355251647373736e+00
1.025247643839677814e+00
1.022938608452499620e+00
1.021475347453547844e+00
1.018888265692843964e+00
1.018104528673377862e+00
1.016761655301720024e+00
1.015834277511693529e+00
1.013627542041265261e+00
1.011833432467622362e+00
1.012888067736543718e+00
1.011877156029456604e+00
1.009567668449515399e+00
1.009504300590508441e+00
1.009191574510420075e+00
1.009737101599630371e+00
1.007836561502262640e+00
1.007787689899734884e+00
1.008727529078804697e+00
1.006875051854598579e+00
1.006256521722110886e+00
1.005672793040391255e+00
1.005753657280943569e+00
1.004372469268585144e+00
1.002998768524870243e+00
1.003822611564061829e+00
1.003971443855389278e+00
1.002877641736328318e+00
1.003990627263783519e+00
1.002112827244815874e+00
1.001048700275866121e+00
1.000230683566513346e+00
1.001863786428270231e+00
1.002392825873638760e+00
1.003710876471379132e+00
1.003612763685699960e+00
1.002777946275976273e+00
1.001525346232759572e+00
9.994479161526845790e-01
1.001317024504974729e+00
1.000918916604705444e+00
1.001875039071272289e+00
1.001801253386673141e+00
1.000896480886819262e+00
1.001045234914014426e+00
1.002265170552071982e+00
1.002901310114296063e+00
1.001950013935879458e+00
1.001421776697865695e+00
1.001852931627940313e+00
1.002689503458626508e+00
9.995860566939570591e-01
1.001772482622089289e+00
1.002494143140729044e+00
1.001887176533768464e+00
1.002658595648433737e+00
1.001291932154602327e+00
1.000153867320796586e+00
1.000121535538199158e+00
1.000034286248864701e+00
1.000851111604205812e+00
1.001208772166173322e+00
1.000689392906118025e+00
1.000614234338200514e+00
1.001461142469341148e+00
1.001829618699572766e+00
9.998530297797840749e-01
1.000013523426803275e+00
1.000980990931528147e+00
9.994243608229076425e-01
1.000745252843446398e+00
9.998422738966210588e-01
1.000599163057750207e+00
1.000120250702029701e+00
1.000622269455769153e+00
1.000557297182052885e+00
1.000611408133428082e+00
1.001742641704197911e+00
1.000554444889236283e+00
1.001439768752248050e+00
1.001520372655860802e+00
1.000952077226202608e+00
1.000815187280541974e+00
1.002114361547906896e+00
1.000466687426543766e+00
1.000793252127000876e+00
1.001673349141686487e+00
1.000735956803748383e+00
9.985172240940611843e-01
9.990815356619919818e-01
9.993492913891407481e-01
9.996854537723049994e-01
