4.403346375552798619e+00
4.262623445152600610e+00
4.201032539872791460e+00
4.171766072545194604e+00
4.140961239627300117e+00
4.121431500852922092e+00
4.094303736906957703e+00
4.070890563044879507e+00
4.045019756349522488e+00
4.014890303446880360e+00
4.003671490971301594e+00
3.977519275936256093e+00
3.962642155044727499e+00
3.928085210930987614e+00
3.915328032865111219e+00
3.878219653138196499e+00
3.871409571317736109e+00
3.844863384607126733e+00
3.830436517059100154e+00
3.800213261376562013e+00
3.786799463851413527e+00
3.783535127111027130e+00
3.763461332213252408e+00
3.717816899515788087e+00
3.718886251206603877e+00
3.688625474412106975e+00
3.677725591388175452e+00
3.664968413322299057e+00
3.637277832696957702e+00
3.630036258088974677e+00
3.623338739604390124e+00
3.598199594592223161e+00
3.576821941053891507e+00
3.559609130942948951e+00
3.520559033672183702e+00
3.491996087193807163e+00
3.466941364683546745e+00
3.447027034511595200e+00
3.415068427400978379e+00
3.376590527087579119e+00
3.370399543614433835e+00
3.342193047699662856e+00
3.309681004187658537e+00
3.290751603204616238e+00
3.279936142682591260e+00
3.244563114383754332e+00
3.235830075575423237e+00
3.209827944988211890e+00
3.173136987631834938e+00
3.142702675694530434e+00
3.101987579080608626e+00
3.066487917028911880e+00
3.034848239369942302e+00
3.004249772567819665e+00
2.975133389688055630e+00
2.948268273525799898e+00
2.922571001973251370e+00
2.886077030454655468e+00
2.867513460313208196e+00
2.834874783048344504e+00
2.813605002706893288e+00
2.788367364775835355e+00
2.762965571979958845e+00
2.732601612127576907e+00
2.708015903516797440e+00
2.668546038805996723e+00
2.628963610759320613e+00
2.593761772533794918e+00
2.558796786327506734e+00
2.523646539630923336e+00
2.493941544307311631e+00
2.464440570029974076e+00
2.437230728651599065e+00
2.413170315608238248e+00
2.382259954562961024e+00
2.358509090693257093e+00
2.330841960762888299e+00
2.307306843286945686e+00
2.286604569763866390e+00
2.266258746804392654e+00
2.231725253385626662e+00
2.197965632901003552e+00
2.163082724127124656e+00
2.129183572007406156e+00
2.097154612811867658e+00
2.066126998291720085e+00
2.040257364131111473e+00
2.015604821039656436e+00
1.988758465433379419e+00
1.965258523999897422e+00
1.945868316860615455e+00
1.924552807663965304e+00
1.902123390456047947e+00
1.885413597752298553e+00
1.865584862617001960e+00
1.851006738086392156e+00
1.827615256117165465e+00
1.800055999383677996e+00
1.773497501058207249e+00
1.747294280761593654e+00
1.723962011797176119e+00
1.701660400876867429e+00
1.682380998271337802e+00
1.660578887153976169e+00
1.641080806817813542e+00
1.620556758576536804e+00
1.601901730724690998e+00
1.586598393452009370e+00
1.569363305180841106e+00
1.558928918452143764e+00
1.544596439951387179e+00
1.533218749017358995e+00
1.516335128037114233e+00
1.496199188797658008e+00
1.475004450680123869e+00
1.458787122570829098e+00
1.443739104739677259e+00
1.428647996256510400e+00
1.416146137632164459e+00
1.407135794355765412e+00
1.395399307788634413e+00
1.383971784127786542e+00
1.374709932147790914e+00
1.364042504137788825e+00
1.354620308030908271e+00
1.346270981219089613e+00
1.337778898301616781e+00
1.332821128250418319e+00
1.323933754555789211e+00
1.311906625937824034e+00
1.297923562792180352e+00
1.284269102509860705e+00
1.275347871874362937e+00
1.263325140261705171e+00
1.253063848975285000e+00
1.245933372034741859e+00
1.239998147703656795e+00
1.231513099994676397e+00
1.223034354659969791e+00
1.217082568275559495e+00
1.212715609170862852e+00
1.208295739435631511e+00
1.203378128699576166e+00
1.200288206503059563e+00
1.194360896781528458e+00
1.183703655167155810e+00
1.177262115674896581e+00
1.170078947954084292e+00
1.161991829225443862e+00
1.153592669686805738e+00
1.148892564146634765e+00
1.142811212672492527e+00
1.136930437923800330e+00
1.130869019540386322e+00
1.128278304013129674e+00
1.125191899420859176e+00
1.121105689105055259e+00
1.116778522898393078e+00
1.112408046189450550e+00
1.108621565068783399e+00
1.102244698196257477e+00
1.095087436165049111e+00
1.090534520377550942e+00
1.084639785137006873e+00
1.080119700322472287e+00
1.074304184460887601e+00
1.071209938542485141e+00
1.066778306818056077e+00
1.063037004926924656e+00
1.060956378657064159e+00
1.058284904798990622e+00
1.055048745534284738e+00
1.052021297454847293e+00
1.049333774527400953e+00
1.046950524367242785e+00
1.044092837334390955e+00
1.040665884681044595e+00
1.035860709034876592e+00
1.031745478484042078e+00
1.028079860046768435e+00
1.025700823683363350e+00
1.023504446248779232e+00
1.021938177995634689e+00
1.018818850826123334e+00
1.017909989829035800e+00
1.016258401352067686e+00
1.015841033944095972e+00
1.013313543688992180e+00
1.012046235155055207e+00
1.012300363740980869e+00
1.010809980471103708e+00
1.009367634484212406e+00
1.009063160187514185e+00
1.009171619651769269e+00
1.010339601667892051e+00
1.008411872097176865e+00
1.008211066361033748e+00
1.009888221591780599e+00
1.007839940792214062e+00
1.006310140201839731e+00
1.005684693678112307e+00
1.005901374435500983e+00
1.003609609467024821e+00
1.002609235796972253e+00
1.003415454201409762e+00
1.003797499000076643e+00
1.002383861793673114e+00
1.003428324602362309e+00
1.002220522206922038e+00
1.001536426044690398e+00
1.000748473533135119e+00
1.002972639125220500e+00
1.003459923497797224e+00
1.002986599617071928e+00
1.003071590065497620e+00
1.002140547092675638e+00
1.001793811162671854e+00
9.997167299783407124e-01
1.000945573876263595e+00
1.000701892758157463e+00
1.001610117105518061e+00
1.001203934579797616e+00
1.000771484527578359e+00
1.000403194111139316e+00
1.001204875813746398e+00
1.002440498428184945e+00
1.001174442582739577e+00
1.000865262116298116e+00
1.001373093328260300e+00
1.002055836037295755e+00
9.997978936580843579e-01
1.001930363368650267e+00
1.002478232520088053e+00
1.001013477836876220e+00
1.002406636907102300e+00
1.000701196565650264e+00
1.000380860988347775e+00
9.999329114924188078e-01
1.000348375821530578e+00
1.000372078428267031e+00
1.000946500224517033e+00
1.000855246333635096e+00
1.000185304177290790e+00
1.001040065978345828e+00
1.002048847775995899e+00
9.995201861311966418e-01
1.000290558636895533e+00
9.999072302332938644e-01
9.992152721339677690e-01
1.000677751595943521e+00
1.000429024227214470e+00
1.000423967671110859e+00
1.000161133243686828e+00
1.000618366833114337e+00
1.000548031923994108e+00
1.000642490819525943e+00
1.001382092303445992e+00
1.000408338263833130e+00
1.001209833322725506e+00
1.000727551116212810e+00
1.000916206117506313e+00
1.000689500417026423e+00
1.001702501736696949e+00
9.997330057682997095e-01
1.000352527212869713e+00
1.001696336768838513e+00
1.000823964618010375e+00
9.983972316250253609e-01
9.990730175617311692e-01
9.996178214050417399e-01
9.999014803473167401e-01
