4.267383913711346288e+00
4.143457285877667928e+00
4.084386317185877857e+00
4.056371041593080484e+00
4.021110095709545362e+00
4.001406610831735655e+00
3.978662708447731067e+00
3.961308637097435081e+00
3.929463225165664930e+00
3.906423178219368797e+00
3.889779853818573052e+00
3.862514811116914526e+00
3.852781526502926823e+00
3.817520580619391701e+00
3.808024211655236968e+00
3.772940952509076684e+00
3.766721916700950690e+00
3.737976151187833551e+00
3.727848007157456234e+00
3.703110064720687156e+00
3.689270242176253767e+00
3.682577375068460501e+00
3.658155320164802937e+00
3.621650567119642172e+00
3.620406759958017417e+00
3.593240432110456073e+00
3.581019533173217528e+00
3.565521301079950245e+00
3.542066651746445416e+00
3.534939439280624818e+00
3.527792483843984694e+00
3.503607344590160100e+00
3.486904791276906224e+00
3.465444181996165884e+00
3.433223653618825644e+00
3.408633783463202338e+00
3.377815006014043497e+00
3.362543818085199643e+00
3.329484213448033358e+00
3.293295347935984108e+00
3.286187878440982590e+00
3.259534867834727123e+00
3.226771407759851940e+00
3.210789472881508289e+00
3.199526108029012939e+00
3.170642141720160012e+00
3.159457748750942319e+00
3.131254914935360123e+00
3.097366105523776447e+00
3.070540343922850912e+00
3.031602269724193555e+00
2.996790476426800964e+00
2.966983526232138235e+00
2.938331539830413508e+00
2.912256011120626820e+00
2.884675080885857668e+00
2.862400074058814248e+00
2.824789714647764960e+00
2.808388241639508287e+00
2.775738303646845040e+00
2.755398107960107978e+00
2.730447928587030226e+00
2.706075231110420809e+00
2.676105401406497997e+00
2.653218362484052406e+00
2.615309390639358522e+00
2.577309107554624834e+00
2.542818137533048528e+00
2.510217556967433872e+00
2.476629827860847399e+00
2.448984732970914457e+00
2.420036602006897741e+00
2.395310998926890811e+00
2.372122879699448461e+00
2.342244361235565453e+00
2.320317324269216108e+00
2.291754181236178134e+00
2.270441644236583567e+00
2.250177952561771999e+00
2.230615136351051575e+00
2.197638205404190970e+00
2.163606259454166736e+00
2.131305525257872091e+00
2.097758516028600528e+00
2.067607297780273967e+00
2.037211760268056615e+00
2.013055001534785227e+00
1.988866160473931943e+00
1.962995465086397440e+00
1.939466779612319280e+00
1.921429107897400623e+00
1.899780940393875461e+00
1.877879816076725827e+00
1.861731299882093182e+00
1.841955012799386671e+00
1.827441461375739262e+00
1.805385478131225074e+00
1.778573906790575698e+00
1.752022078909770020e+00
1.726377810718820793e+00
1.704080593049605907e+00
1.682814328637869394e+00
1.664059740295069423e+00
1.642821239436047742e+00
1.623278783163984107e+00
1.603124294796517635e+00
1.585532690828550972e+00
1.569548288078854714e+00
1.553075246801377318e+00
1.542530032512439586e+00
1.528861727026999962e+00
1.516723501780067984e+00
1.500535808127715365e+00
1.481536592037105526e+00
1.459918347473728506e+00
1.443815178415196687e+00
1.429358388032655691e+00
1.415595994951904579e+00
1.403806665017422350e+00
1.395844695066641439e+00
1.383921174627370743e+00
1.373013183249625513e+00
1.363778100164909635e+00
1.352965430318151752e+00
1.343460732288182413e+00
1.335865549717156986e+00
1.328731550605116718e+00
1.323849484102169960e+00
1.315522114949269961e+00
1.303769031875276374e+00
1.290788954013246226e+00
1.277820444298180647e+00
1.269083408500776944e+00
1.257924465454881346e+00
1.247799868989573291e+00
1.241488133763771318e+00
1.235942055625061098e+00
1.227778337191219205e+00
1.219602279400614719e+00
1.213566637282366134e+00
1.209477528693347237e+00
1.205313766995917524e+00
1.201042344410737872e+00
1.197909844454705386e+00
1.192492789715139390e+00
1.181619348536328218e+00
1.175036301703718200e+00
1.167789166114364896e+00
1.160383701153557823e+00
1.152832400420017445e+00
1.148531054894689429e+00
1.142636081443529239e+00
1.137010183090763960e+00
1.130520761127586926e+00
1.127364662151746577e+00
1.123875709027247094e+00
1.119564646258468965e+00
1.115137979141025637e+00
1.110686556189078189e+00
1.107266780583426424e+00
1.101589751021077923e+00
1.094718618768561580e+00
1.090405936459208469e+00
1.084941683680027413e+00
1.080344694878776268e+00
1.074359721244232180e+00
1.070631924445405225e+00
1.066698484554038817e+00
1.062899620772359999e+00
1.061009385558357554e+00
1.058298621680161311e+00
1.054957548034358261e+00
1.052052709210587356e+00
1.048889013818240290e+00
1.046660024700626579e+00
1.043946908632547910e+00
1.040151148970304362e+00
1.035188009037381063e+00
1.032025200536301535e+00
1.028373965590134942e+00
1.025550836444423242e+00
1.023104906010734894e+00
1.021720488022755946e+00
1.018803695447121793e+00
1.017113126449726623e+00
1.015157107039985629e+00
1.014670608619392844e+00
1.012435218460458586e+00
1.011436578893501581e+00
1.011807318723469518e+00
1.010146383462548592e+00
1.008603925306789328e+00
1.008585445192013541e+00
1.008613632910116964e+00
1.009557111696298470e+00
1.008159293938085455e+00
1.007388122700940691e+00
1.008738106171455318e+00
1.007399671567660304e+00
1.005622765633419791e+00
1.005048667419938369e+00
1.005845066857588233e+00
1.003655457640266313e+00
1.001963895710256569e+00
1.003204916876488051e+00
1.003598580917690608e+00
1.002298755004389585e+00
1.002721927460474394e+00
1.001579717549565096e+00
1.001276762240747686e+00
1.000756431810345015e+00
1.002468753744094609e+00
1.002530166144292467e+00
1.002416485000059865e+00
1.002579726013912875e+00
1.001444076206344569e+00
1.001345260130961368e+00
9.992477044431097299e-01
1.000563108794322753e+00
9.997562980244047992e-01
1.000651855761785614e+00
1.000267306456378735e+00
1.000057407249768993e+00
1.000546315700979294e+00
1.001544241898873810e+00
1.002750066977965426e+00
1.000952213057596962e+00
1.000736761140444075e+00
1.001267095607940583e+00
1.001807079838030301e+00
9.995338497883690110e-01
1.001545967480796051e+00
1.001722969769475613e+00
1.001203345478043572e+00
1.001460907860177940e+00
1.000131081885748952e+00
1.000268600642820527e+00
1.000288355663792927e+00
1.000037601618153360e+00
1.000036165239905239e+00
1.000249692747610109e+00
1.000639761023131236e+00
9.995384035412209212e-01
1.001104439026512249e+00
1.002232647864548687e+00
9.995965744502380845e-01
1.000287362731178575e+00
1.000273654477025653e+00
9.995612458114145893e-01
1.000699539422570172e+00
1.000783161459924964e+00
9.999984072902191601e-01
9.994740737989604717e-01
9.998201505806030287e-01
1.000642708490576460e+00
1.000017142868240505e+00
1.000930590262895770e+00
1.001005917577372006e+00
1.000810782218325645e+00
1.000596367216845861e+00
1.000934931330545785e+00
1.000939051277886627e+00
1.001863674587023301e+00
1.000041229316740443e+00
9.998248603829374970e-01
1.001178084139617619e+00
1.000535802544917807e+00
9.985598907424590998e-01
9.993763223546026087e-01
9.993841182011429236e-01
9.997428506560661621e-01
