4.089125921929332108e+00
3.983878165635036162e+00
3.923924533031678319e+00
3.900055845443508140e+00
3.860922056694398474e+00
3.843923708753216761e+00
3.824356814378662595e+00
3.812767031691493003e+00
3.775972081971145755e+00
3.760706980810207156e+00
3.739970666921271114e+00
3.715934919402475334e+00
3.703843956923427605e+00
3.674169936746008336e+00
3.666798417307141733e+00
3.624824609737393288e+00
3.623049597974492997e+00
3.602772698894779246e+00
3.588071424999702774e+00
3.569026592908353557e+00
3.548144101580120502e+00
3.542756418817436082e+00
3.522876287072957968e+00
3.483638085867207579e+00
3.482719256248765660e+00
3.460270578070914649e+00
3.445423126736540720e+00
3.433039809378898521e+00
3.416500876246937768e+00
3.407229050097202006e+00
3.398082518895435555e+00
3.375195308399692173e+00
3.367145107992658204e+00
3.344748636043127998e+00
3.314709172267463977e+00
3.290349746133080178e+00
3.260790579657966148e+00
3.247070782855316473e+00
3.219495453056384626e+00
3.185300373506402494e+00
3.173407794694973916e+00
3.151167941430405239e+00
3.122057748518848097e+00
3.104401602100826718e+00
3.094513742456908467e+00
3.069486076600020930e+00
3.056006428447646250e+00
3.027606240241249136e+00
2.998725754734302473e+00
2.974648242232849071e+00
2.937618364485059530e+00
2.907683313166036676e+00
2.876077662540756030e+00
2.847802769282328228e+00
2.826017110204148697e+00
2.800248115905108914e+00
2.778462456826929383e+00
2.741688389597910280e+00
2.730411844280664191e+00
2.695835659263942308e+00
2.679980627722981179e+00
2.655548112868948429e+00
2.633323921472875639e+00
2.604767114581516552e+00
2.585072314947576722e+00
2.548896009032828314e+00
2.513327905678015117e+00
2.480304855953830767e+00
2.449534504981678573e+00
2.419215737884499617e+00
2.391431583172285436e+00
2.363629156280159016e+00
2.342501295678818707e+00
2.317006384078461600e+00
2.291036395800387648e+00
2.269631842188948312e+00
2.241892062770806771e+00
2.221262771649928247e+00
2.202679964679216784e+00
2.183337557086440395e+00
2.151526997015001275e+00
2.119155219989115047e+00
2.088494502096437166e+00
2.057220361020991817e+00
2.028243293991651708e+00
1.998115079627843294e+00
1.975328366121616774e+00
1.952296283342283223e+00
1.927510071291378413e+00
1.904531499896073621e+00
1.887715873754013618e+00
1.865748798032420108e+00
1.845683334177404156e+00
1.829795673743742634e+00
1.811049722309529209e+00
1.797239869763026743e+00
1.775309990979112129e+00
1.750239907561713881e+00
1.724421317345769422e+00
1.699906577682131825e+00
1.677699353310263319e+00
1.658311917845560979e+00
1.639646886065244225e+00
1.619079589840496602e+00
1.598997158961276366e+00
1.579631911143609901e+00
1.563019236714146221e+00
1.546390247838332455e+00
1.531053363113453081e+00
1.521316901531664323e+00
1.508924448084065784e+00
1.497311825172006117e+00
1.481278966165827882e+00
1.462712799930393714e+00
1.441645629069476353e+00
1.425655840201662583e+00
1.411783013892248473e+00
1.398940281725385315e+00
1.388057893431959400e+00
1.380595013093532053e+00
1.368898533927232375e+00
1.358432816593590609e+00
1.348826870582603199e+00
1.338134056155766860e+00
1.329020153846701024e+00
1.321688767945855991e+00
1.315068039328024962e+00
1.310855649280407764e+00
1.303213473176592085e+00
1.292327658849433014e+00
1.279348701055545767e+00
1.267095246690850718e+00
1.258800329588564137e+00
1.248586670451032221e+00
1.238391772926803469e+00
1.232394093015086067e+00
1.227314590143956607e+00
1.219114949408355075e+00
1.211622050488643243e+00
1.205323858475155774e+00
1.201513619530070631e+00
1.197869461648830125e+00
1.194581448131414536e+00
1.191290987447046312e+00
1.186011958897054352e+00
1.175883053308311776e+00
1.169302050367343471e+00
1.162491747882923532e+00
1.154599063455400643e+00
1.147743651526822228e+00
1.143648725492926399e+00
1.137930838336114636e+00
1.132425936276404421e+00
1.126271148246334564e+00
1.122665003025090424e+00
1.119966185737611308e+00
1.116433129236015898e+00
1.111492217586631526e+00
1.106862993434767350e+00
1.103065969191225904e+00
1.097601649316811478e+00
1.091542219225658528e+00
1.087315961898643879e+00
1.081139679585507940e+00
1.077714787863214063e+00
1.072464472738798413e+00
1.068773410824301440e+00
1.064579374528828337e+00
1.061156399753980795e+00
1.058919240512096405e+00
1.056571836399000208e+00
1.053386930182517611e+00
1.050196395482044132e+00
1.047382275844985333e+00
1.045547430850096271e+00
1.042791553786507563e+00
1.038498142119703926e+00
1.033362823448999102e+00
1.030500249906280308e+00
1.026734121145514322e+00
1.024533118795353470e+00
1.023063329930607557e+00
1.020597380971719481e+00
1.017515602449228229e+00
1.016121696153068577e+00
1.014357961751208403e+00
1.013518236804506367e+00
1.011147625391477289e+00
1.010563017599576563e+00
1.010663310658514336e+00
1.009392986293457195e+00
1.007644485505876597e+00
1.007849833402780559e+00
1.007749703488306281e+00
1.008680218328946721e+00
1.006920358608094812e+00
1.005318218797333074e+00
1.006331223557331622e+00
1.005231395353163082e+00
1.004169712363867095e+00
1.004452400932999812e+00
1.004164247024339707e+00
1.002663297567064848e+00
1.001273286344971591e+00
1.002437780935860667e+00
1.003026915986623635e+00
1.001219999284580275e+00
1.001633305389804107e+00
1.001017720542896061e+00
1.000011261954495412e+00
9.999382752001362284e-01
1.001110524251306089e+00
1.001565697304476199e+00
1.001754893899493348e+00
1.002145956276771832e+00
1.001126767321953714e+00
1.001266311919156937e+00
9.991822790510621610e-01
9.996419844613588790e-01
9.992926258875631795e-01
1.000231461095842267e+00
9.996279897253490532e-01
9.997309389800832502e-01
1.000252282407996907e+00
1.001210345720779049e+00
1.002313169155332195e+00
1.000621786773902677e+00
1.000131767082981682e+00
1.001217475643660482e+00
1.002127548992850725e+00
9.995255630427246629e-01
1.001493554312889334e+00
1.001038258901371547e+00
1.000903911984809991e+00
1.000246511172600439e+00
9.990882619557047706e-01
9.993687557219770312e-01
9.990462802968076428e-01
9.998793749505475725e-01
1.000194266707296276e+00
9.999613282775687839e-01
1.000939346197542879e+00
9.992223361151164607e-01
1.000268966478522259e+00
1.001303358458033088e+00
9.994886044489108556e-01
9.997475121633561113e-01
9.998883262284160578e-01
9.990926732290500434e-01
1.000468973943378748e+00
1.000585624783914662e+00
1.000071733744111402e+00
9.994190998091946332e-01
9.995181208511435544e-01
9.999106528031596053e-01
1.000128493997182622e+00
1.000884718930875383e+00
1.001502964434561438e+00
1.000675099325616380e+00
9.999908587000286841e-01
1.000515006810691609e+00
1.000252762919424443e+00
1.001282897210807654e+00
1.000166040165978210e+00
9.998996278062119991e-01
1.001439276277338752e+00
1.000201936408930070e+00
9.985623696013050665e-01
9.994429494904528699e-01
9.998408397184419538e-01
1.000155535192007950e+00
