3.892472124508276732e+00
3.795918733424751501e+00
3.740146620752480722e+00
3.719434432587112482e+00
3.678453572062915011e+00
3.667831368496307753e+00
3.643349295975358615e+00
3.640178157958605443e+00
3.605339991354972184e+00
3.585514834802681960e+00
3.572031954283898525e+00
3.545421005891562505e+00
3.538391280357920721e+00
3.510316729804006108e+00
3.497366068253069393e+00
3.455941691922333359e+00
3.460132916294126559e+00
3.436094359579716428e+00
3.424962112835589156e+00
3.405513944718856933e+00
3.390523110457840605e+00
3.379967434262214354e+00
3.361694583032810435e+00
3.330227136558872925e+00
3.328985292300564058e+00
3.307630006215714680e+00
3.296142946826356113e+00
3.284212371630458982e+00
3.265717762497785781e+00
3.259153728561009267e+00
3.249130271333229292e+00
3.229349466361593368e+00
3.221454885005200275e+00
3.200565290517216610e+00
3.166237167091103366e+00
3.150603234910605899e+00
3.120499599541775915e+00
3.107815047474762338e+00
3.082057867010014274e+00
3.051976407431511440e+00
3.043072827615242115e+00
3.017249119779513045e+00
2.989684612403118447e+00
2.977876004054019532e+00
2.965668231479035022e+00
2.946486172846226381e+00
2.930342197488209344e+00
2.905682718644644780e+00
2.875462660376598034e+00
2.854318044299854584e+00
2.819524229276875182e+00
2.789453857593536146e+00
2.762831821306036773e+00
2.736353927655662321e+00
2.717748439571354702e+00
2.693587916010145911e+00
2.671162648042021193e+00
2.636479711970676654e+00
2.627265671089830334e+00
2.596103141732888808e+00
2.580136572697487196e+00
2.558099381060084276e+00
2.540369836693690431e+00
2.514385354378090742e+00
2.494429915057629898e+00
2.461703992482638270e+00
2.429111124649609099e+00
2.397482903695801415e+00
2.369036908653910700e+00
2.341380926142416996e+00
2.314975103810605450e+00
2.288987849521214812e+00
2.270243762747363725e+00
2.244167805296665374e+00
2.221093895461477175e+00
2.201678991030235899e+00
2.175370187781104470e+00
2.155179130688419598e+00
2.138918732431186243e+00
2.120587669752173277e+00
2.091102184538707665e+00
2.059521087139344786e+00
2.030545645103398300e+00
2.001488429840621031e+00
1.975247539949366082e+00
1.944931848585534695e+00
1.925106692033244471e+00
1.903776353712512748e+00
1.878915906769110133e+00
1.857909889381909929e+00
1.840949567742482085e+00
1.820396768070088989e+00
1.802068477364867638e+00
1.785061032170994988e+00
1.768621841604250511e+00
1.755793146900111790e+00
1.735131547256427265e+00
1.712640444910769277e+00
1.687285200645696870e+00
1.663824600466682790e+00
1.642769380544694791e+00
1.624360009606090394e+00
1.606399005428159388e+00
1.587003504813453647e+00
1.567535239886737708e+00
1.548237451348160043e+00
1.531223076219810242e+00
1.515566275255538553e+00
1.501084098185146765e+00
1.491576921075916218e+00
1.479892358553958731e+00
1.468539739893457430e+00
1.453850704278922157e+00
1.435807926874160367e+00
1.416085679848856138e+00
1.401102815012488900e+00
1.388184377656870971e+00
1.375531703288452423e+00
1.364061275741839552e+00
1.357298699182292401e+00
1.345659874227883801e+00
1.336312432108352155e+00
1.327954584632160540e+00
1.317083249921098709e+00
1.308062554212165551e+00
1.301522082052611662e+00
1.294486119577940020e+00
1.290851022447940144e+00
1.283977047191672494e+00
1.273499332758914138e+00
1.262127310281876857e+00
1.251276418877522945e+00
1.243215345845315678e+00
1.233814023485223954e+00
1.224206535574436261e+00
1.218781956114069143e+00
1.214061457996582050e+00
1.205823325138483337e+00
1.199169895046951595e+00
1.193327613785972741e+00
1.189658906473758604e+00
1.186294769781816028e+00
1.183776085096088337e+00
1.180811805623478428e+00
1.175214584170448662e+00
1.165702902603807711e+00
1.159703051957654107e+00
1.153878528653773383e+00
1.146799687209524077e+00
1.140491887600041387e+00
1.136248255598764967e+00
1.131119064595486945e+00
1.125148319674137642e+00
1.119180606599121885e+00
1.115900062241810264e+00
1.113286177581202185e+00
1.110432343939322664e+00
1.105812849616840232e+00
1.101712580635060501e+00
1.098405182781649669e+00
1.093670738171027557e+00
1.087580538504127947e+00
1.083051306578211026e+00
1.077820765283204363e+00
1.074778610671907275e+00
1.069655829858020768e+00
1.065044348272278008e+00
1.061238081760691898e+00
1.058215417590111951e+00
1.055944218189400097e+00
1.054497464431019216e+00
1.050853098513656159e+00
1.047381244652684007e+00
1.044891665691760174e+00
1.043538509360911970e+00
1.040531567479177077e+00
1.036379973670175536e+00
1.032504884246812971e+00
1.029677925757077173e+00
1.025958478330863066e+00
1.023688448356594449e+00
1.022024874273259165e+00
1.020056144856430480e+00
1.016969140575439079e+00
1.014974553840592542e+00
1.013304049822780106e+00
1.012477785072648961e+00
1.010501627632302668e+00
1.009380299265760783e+00
1.009467053382996804e+00
1.007332936748661645e+00
1.005817598295001947e+00
1.006757708874965740e+00
1.006776203137601744e+00
1.006586073888407151e+00
1.005150245604850223e+00
1.004639725994335375e+00
1.004928563497739180e+00
1.004343601231707961e+00
1.003746793108929225e+00
1.003771156159825706e+00
1.002886560851837361e+00
1.001498245931539799e+00
1.000306741150393641e+00
1.000893879848971935e+00
1.001796092349763967e+00
1.000106227827505911e+00
9.998504807612305090e-01
9.999167428456571249e-01
9.988468584145855367e-01
9.998249320418572950e-01
1.000885450233361951e+00
1.000746981480090225e+00
1.000838981774285763e+00
1.001529907069682146e+00
1.000598632156176837e+00
1.001090202727105805e+00
9.987034845670663685e-01
9.997573597666934431e-01
9.996024161770044048e-01
9.999175820174102114e-01
9.996223613946714215e-01
9.995406044098746889e-01
9.999256867923417280e-01
1.000621154443227523e+00
1.001851788991118486e+00
9.997999220166093881e-01
9.996930034142481603e-01
1.000251791642599919e+00
1.001423107575569960e+00
9.991278807926631256e-01
1.001017384274982547e+00
1.000863285271057723e+00
1.000831683687039675e+00
9.994860501249066553e-01
9.986296780578789445e-01
9.991551944797234519e-01
9.994446356453885461e-01
9.998963861631304795e-01
9.996824379711760633e-01
1.000062023778660159e+00
1.000812175650785729e+00
9.994104948900659480e-01
1.000142409665092602e+00
1.000748176623086794e+00
9.995165310085836197e-01
9.992838719935408509e-01
9.995574135614904154e-01
9.986014101513249752e-01
1.000207442768951793e+00
1.001034255687728081e+00
9.999326627459150796e-01
9.994850079277294297e-01
1.000302707711967720e+00
1.000392220267966259e+00
9.999809245962377746e-01
1.000974463346817167e+00
1.001494716672916896e+00
1.000447423557540239e+00
9.998285228848587947e-01
1.000586523043129894e+00
1.000394827791163843e+00
1.001656403413693219e+00
9.999331648954641327e-01
1.000760028570596427e+00
1.001426188148005325e+00
1.000141272045965923e+00
9.990592494015367864e-01
9.991943235697171577e-01
9.995915597308244749e-01
1.000074565335860477e+00
