3.706451685135621954e+00
3.616670717847119576e+00
3.560294421391651198e+00
3.546170775154171562e+00
3.501599670444938361e+00
3.497790780923608178e+00
3.472997512486625027e+00
3.465119498756171534e+00
3.433039659060991067e+00
3.411771387758655294e+00
3.403207300760384690e+00
3.376379470218839884e+00
3.371837192031911901e+00
3.342525303106890888e+00
3.334126820000851588e+00
3.298096144590999312e+00
3.299420975728853733e+00
3.271339287146125319e+00
3.265306573929111611e+00
3.250686116014936289e+00
3.234362303780663694e+00
3.227146705619136746e+00
3.208551754291399494e+00
3.173183494450474207e+00
3.184160666735550649e+00
3.158563036536299329e+00
3.147893414336796258e+00
3.139494931230756958e+00
3.117729848251725944e+00
3.108337741792296161e+00
3.099371473912891251e+00
3.085697323954326166e+00
3.078670987383921531e+00
3.060549190033989397e+00
3.028090827156565190e+00
3.009010893001577536e+00
2.987198494624766276e+00
2.972613523258926360e+00
2.947418073940808902e+00
2.922435543912704325e+00
2.912653085421585075e+00
2.884654198784973200e+00
2.863480558278198806e+00
2.854348686506561705e+00
2.840851969289673651e+00
2.820459032846277303e+00
2.810641087806823535e+00
2.784735907521998399e+00
2.759617345725274173e+00
2.739041062115478375e+00
2.706079973136636951e+00
2.679973702411244663e+00
2.652276451435482851e+00
2.631179698450101689e+00
2.613891834986050711e+00
2.591251417148080272e+00
2.568362593471762878e+00
2.539038875697296582e+00
2.530918370553218111e+00
2.499985929254214589e+00
2.487027424687079602e+00
2.465327400379996980e+00
2.449104133366007297e+00
2.423713508032045105e+00
2.406112180057698779e+00
2.376782547858510064e+00
2.346063025849519867e+00
2.314772761854801075e+00
2.290893272037453965e+00
2.264923033080681325e+00
2.242137711837008052e+00
2.217394716010167244e+00
2.199405993216492217e+00
2.174890702741469894e+00
2.154355820104731922e+00
2.135234484976686442e+00
2.109441678761590389e+00
2.091319881411658255e+00
2.076288370979264997e+00
2.060082847239442572e+00
2.031774931911076720e+00
2.002874095504274088e+00
1.976046264962729282e+00
1.949533377537661316e+00
1.924453259501633928e+00
1.895060047236677647e+00
1.877347823798783066e+00
1.857456134850623775e+00
1.834487466440551495e+00
1.813847602764988132e+00
1.797448381615502466e+00
1.778609460267959186e+00
1.761476850452875720e+00
1.746443861414301635e+00
1.730630168312349504e+00
1.718891513844243102e+00
1.699146946211057774e+00
1.677244352857227394e+00
1.653384824223318894e+00
1.630959543584631799e+00
1.610098628285062672e+00
1.592628156957702767e+00
1.575225701514652243e+00
1.556921296301410740e+00
1.536197891376641200e+00
1.518733334474003716e+00
1.501559323685862424e+00
1.487077115449576992e+00
1.472608214668917448e+00
1.463762453193234503e+00
1.452199013557534002e+00
1.441210012423012721e+00
1.428086643266736289e+00
1.409689455515659606e+00
1.390831681939313391e+00
1.377369711967670440e+00
1.364304008452438710e+00
1.352391617758107234e+00
1.341536430482933584e+00
1.335549923709064668e+00
1.324624872291855660e+00
1.315278232972480810e+00
1.307019847802057377e+00
1.296949430757258881e+00
1.288210128926582154e+00
1.281913484506323808e+00
1.276166511933718439e+00
1.272200150854149836e+00
1.265765071930228913e+00
1.256689756845001726e+00
1.246211983797436584e+00
1.236120126963018873e+00
1.228006645198298052e+00
1.218954063683098221e+00
1.210789754830917886e+00
1.205888360167866935e+00
1.201498008765999437e+00
1.193160148513366492e+00
1.186892336913630608e+00
1.181750853571997606e+00
1.178558912479539700e+00
1.175656963024259927e+00
1.173179003891278604e+00
1.170542279419651166e+00
1.164602718392017566e+00
1.155494689145043496e+00
1.150138715494331443e+00
1.144021721725020813e+00
1.137476948705073765e+00
1.132033182812386407e+00
1.128250908202307334e+00
1.122902235169612073e+00
1.117087431538470010e+00
1.110994095468049725e+00
1.107581102751586055e+00
1.106068765867449510e+00
1.103291019331343437e+00
1.098818605286450367e+00
1.095549961498371472e+00
1.092839491543484698e+00
1.088061791528732503e+00
1.082386207910786435e+00
1.078221205332137167e+00
1.073910883489797019e+00
1.071226011904412356e+00
1.065634292980774500e+00
1.061142333610431310e+00
1.057975066758612748e+00
1.055186369295481263e+00
1.052310295448362520e+00
1.051503115093062046e+00
1.048158785151111605e+00
1.045060042454477145e+00
1.042381362532474043e+00
1.041041006029723270e+00
1.038518596298436458e+00
1.034110594035287711e+00
1.030272848590213286e+00
1.027405553967291940e+00
1.024042441106203238e+00
1.021683948731973546e+00
1.019988772952312273e+00
1.018705851058390621e+00
1.015726990978495836e+00
1.013679652792404573e+00
1.011980457052189752e+00
1.011704304244733565e+00
1.010261762192967483e+00
1.009028789464085696e+00
1.008883539510059268e+00
1.007334976774497015e+00
1.006010838733290225e+00
1.006012109410476807e+00
1.006157567293497035e+00
1.005504115774540352e+00
1.003675322512914247e+00
1.004020392230321246e+00
1.003679030579976761e+00
1.003095235274060748e+00
1.003336479113720925e+00
1.003760954603672761e+00
1.002885088370637501e+00
1.000999022222733181e+00
1.000225306883880450e+00
1.000751632926134560e+00
1.001244956016372312e+00
9.994570323537080858e-01
9.991796088690654276e-01
9.996927140927746036e-01
9.988454727512676712e-01
9.995278206246063224e-01
1.000289193067333660e+00
9.996696917324776610e-01
1.000603697222600452e+00
1.000761249642114326e+00
9.999068578535302843e-01
1.001089679264183463e+00
9.988797637078865588e-01
9.996798744773858214e-01
1.000206188968029153e+00
9.998753508351108099e-01
9.997135589744385875e-01
9.994651646877017459e-01
9.998856086654890341e-01
9.998789607134814794e-01
1.001064280159967179e+00
9.988847568916490172e-01
9.990089973535578594e-01
9.994678677646255949e-01
1.001016892564619454e+00
9.988751488393774469e-01
1.000436926617679134e+00
1.000190672266840552e+00
9.993945930095058383e-01
9.982911022859271011e-01
9.980100833624271361e-01
9.986375812998500301e-01
9.993897413329755341e-01
9.993933454355408141e-01
9.986668357541662600e-01
9.998730549524671440e-01
1.000571504327290473e+00
9.989478489018608354e-01
9.996748942891855449e-01
9.999567925790565637e-01
9.990751447648226202e-01
9.988773436454269072e-01
9.994425018712903563e-01
9.985892551361257308e-01
9.998444632718197500e-01
1.000766086879130823e+00
9.997370520628749979e-01
9.995396725772729418e-01
9.994981604199612013e-01
1.000163065361012737e+00
9.993832016773191995e-01
1.000748391977333451e+00
1.001055838820385180e+00
1.000074626950808732e+00
9.994468820977054913e-01
1.000365080652418470e+00
1.000853354966767084e+00
1.001738422057793843e+00
9.998684270883957392e-01
1.000245370587864890e+00
1.001112735557337263e+00
1.000324843504147188e+00
9.988986953540139879e-01
9.991139596210157903e-01
1.000087987110658716e+00
1.000675158374826790e+00
