3.542763559042716448e+00
3.465540333993747613e+00
3.407120629386989563e+00
3.395503659908309047e+00
3.349319122712578256e+00
3.348906990757680724e+00
3.328918590945138867e+00
3.316374324567938459e+00
3.289044824308780868e+00
3.264677522475450733e+00
3.265759368857056977e+00
3.236961648508575706e+00
3.231217559387188132e+00
3.205716894677888895e+00
3.196418167445508551e+00
3.161670291998190940e+00
3.160253588403229674e+00
3.140883386523034559e+00
3.128416394887377106e+00
3.116464568195342455e+00
3.106187027570079362e+00
3.094080651394957471e+00
3.084215242724592354e+00
3.047226399772517969e+00
3.055675104847922263e+00
3.026671318521992227e+00
3.023271229894085366e+00
3.010083007337357230e+00
3.000063049183905317e+00
2.985020232830136955e+00
2.973557812834542791e+00
2.962584799535390001e+00
2.960227919918318129e+00
2.942313059003856424e+00
2.910411469870051171e+00
2.893707246573101521e+00
2.876410583590986114e+00
2.856885832227704203e+00
2.837155014886973525e+00
2.809889910245768618e+00
2.801711666765766218e+00
2.778799705898168604e+00
2.757729459704020503e+00
2.751122469302065721e+00
2.735680400116990096e+00
2.716400352101929094e+00
2.706341756577705482e+00
2.683674499058328777e+00
2.656995394540493827e+00
2.641315061568992650e+00
2.609464988929550699e+00
2.584498807849259450e+00
2.557884098949377183e+00
2.541327985573718529e+00
2.525911674635824333e+00
2.503192900622084771e+00
2.480351774934235642e+00
2.455765527999865583e+00
2.447078559138036180e+00
2.417675519980798882e+00
2.405833165839283527e+00
2.385439073633639495e+00
2.370203070426012637e+00
2.345932362019611528e+00
2.331791084317181628e+00
2.304007594951457349e+00
2.277128864017968546e+00
2.247056110434022536e+00
2.226278864301559413e+00
2.201080858996638412e+00
2.181565766976049758e+00
2.159507048046326538e+00
2.142306978491140157e+00
2.117798006298313940e+00
2.099925002535520946e+00
2.081343646975247541e+00
2.056676905518437071e+00
2.040478187822416523e+00
2.025577041828144242e+00
2.011538797114439170e+00
1.984355796886123624e+00
1.957704060505918831e+00
1.931837950664737402e+00
1.906873379474895325e+00
1.884695528651959329e+00
1.855812484109690796e+00
1.841268733795056622e+00
1.821320581243735415e+00
1.799963774549697471e+00
1.780171781371911788e+00
1.764890701231718317e+00
1.746586246828641942e+00
1.730067160933305814e+00
1.715636102950089059e+00
1.701208264747769761e+00
1.689430306224207090e+00
1.670472236298910174e+00
1.649264344471387922e+00
1.625495921885018458e+00
1.603334974911795108e+00
1.583086577791769312e+00
1.565669977971216875e+00
1.548552012828920077e+00
1.530480187595697927e+00
1.509927521180845389e+00
1.492551973566737633e+00
1.475418714465177361e+00
1.461139791129373755e+00
1.446888235931200306e+00
1.437428519653937364e+00
1.426423308545808233e+00
1.415537229330891433e+00
1.402840023361053179e+00
1.384600769521153740e+00
1.366948320749849177e+00
1.354707921194862941e+00
1.343184727834826120e+00
1.331300114069029039e+00
1.321272508935945611e+00
1.314964555684858816e+00
1.304878994495617617e+00
1.296547408950365021e+00
1.289314976109044109e+00
1.279240281680332103e+00
1.271821101546948274e+00
1.266045217089196484e+00
1.260448432943875652e+00
1.256841473393295772e+00
1.250465502270746931e+00
1.242627146911751357e+00
1.231974904284525607e+00
1.223049269163658526e+00
1.215621234632805914e+00
1.207082576928574014e+00
1.199875499861821737e+00
1.195352110173251603e+00
1.190939199216731748e+00
1.183131834248875913e+00
1.176439117180521521e+00
1.171181214974677420e+00
1.167905691620248376e+00
1.165658888262614434e+00
1.162977816956412003e+00
1.161655493189013066e+00
1.156070280131293426e+00
1.147636164688081717e+00
1.142589359367338853e+00
1.135611993544002551e+00
1.128778310443223409e+00
1.123377329223740562e+00
1.119275730832760996e+00
1.114786853170687264e+00
1.109353975996687058e+00
1.103893428830597712e+00
1.100971578284143826e+00
1.099372453977700559e+00
1.096160219441540740e+00
1.091980742600099585e+00
1.088800605254762965e+00
1.086590628141146375e+00
1.081869574090906783e+00
1.076648900601691494e+00
1.072715837617072676e+00
1.068712392234394848e+00
1.066887782646964045e+00
1.061557032898310826e+00
1.057459308306223589e+00
1.054353678703221497e+00
1.051887578081012853e+00
1.048765497409986924e+00
1.048382745955779960e+00
1.044576260607699592e+00
1.041180599178527233e+00
1.038883486744368145e+00
1.038397450756054496e+00
1.036282759033376966e+00
1.031719071774509722e+00
1.028032447801251248e+00
1.025256870894795558e+00
1.022837608022832301e+00
1.020499216991384017e+00
1.018622914827823189e+00
1.017434715058441519e+00
1.014890358667697168e+00
1.012135710337075611e+00
1.010831221137304947e+00
1.010684922342768521e+00
1.009517173212994390e+00
1.007819619198329297e+00
1.008280475493842143e+00
1.006778774714091051e+00
1.005875550708688504e+00
1.005962258402080423e+00
1.005679609432890587e+00
1.005053789675450115e+00
1.003334778839646724e+00
1.002416726233938071e+00
1.002384264302310424e+00
1.002040213105220623e+00
1.002437126564469594e+00
1.002618629135304751e+00
1.002048966884536263e+00
1.000610995127473757e+00
1.000593978082339186e+00
1.000711877403176686e+00
1.000894650278194353e+00
9.996928419036124058e-01
9.993435334080261745e-01
9.996849496672324253e-01
9.987286055656535710e-01
9.992227916243645591e-01
1.000135498890692087e+00
9.989318290802787770e-01
1.000042251017351891e+00
1.000724649619979756e+00
9.995386948931379578e-01
1.000854327553359235e+00
9.986574873973500521e-01
9.994052312017501771e-01
9.997675508822529977e-01
9.991520507741350476e-01
9.992447012271915563e-01
9.990601046481498715e-01
9.991205447149609231e-01
9.991906881449067468e-01
1.000439802773009035e+00
9.990242720083946093e-01
9.990683490480656292e-01
9.996934487568480687e-01
1.000399212781204694e+00
9.988165018109783633e-01
1.000273374059228004e+00
1.000694759739888973e+00
9.998800199671432631e-01
9.989781385852205542e-01
9.979616594156071052e-01
9.986380083517828465e-01
9.997152231540318290e-01
9.996592417291279009e-01
9.992430504606180097e-01
9.999095891268712233e-01
9.999184891169402567e-01
9.987486301502694896e-01
9.995426268619002075e-01
9.995426410113279481e-01
9.988964224955152460e-01
9.994750712050781694e-01
9.997686246666050991e-01
9.988899389132779305e-01
9.993421907845463359e-01
1.000729463569739686e+00
9.993943770184898767e-01
9.998046082335899643e-01
9.995753324781178062e-01
9.996552673120824295e-01
9.994927092528763657e-01
1.001072366304941674e+00
1.001422154308913903e+00
9.997662467766599281e-01
9.992094738685131095e-01
1.000718655765159504e+00
1.000663977659769222e+00
1.001594001467452699e+00
9.997749871926270293e-01
1.000169496035233641e+00
1.000866116384931725e+00
1.000223289015308659e+00
9.987124076151709939e-01
9.994470081733287659e-01
1.000001127277688751e+00
1.000154970075466165e+00
