3.383486869014643794e+00
3.311507452821828235e+00
3.266758119520101200e+00
3.246172290431426077e+00
3.215534897898073563e+00
3.204177199090528561e+00
3.190689931756569120e+00
3.172858344628723959e+00
3.145571473243597538e+00
3.126831270211148261e+00
3.133106398802316672e+00
3.099487610331983944e+00
3.100566591718700415e+00
3.072058767711762783e+00
3.060530703422104981e+00
3.036764718667317009e+00
3.035117852340222910e+00
3.017229476718339853e+00
2.999341101096456352e+00
2.995195541031702824e+00
2.978300964055479838e+00
2.968902468292236474e+00
2.965608735638048277e+00
2.928099935326131220e+00
2.937952739041676420e+00
2.906974615544097862e+00
2.898853860896703161e+00
2.891386173930742487e+00
2.887978864288478942e+00
2.872333634181086115e+00
2.858817972600107282e+00
2.843144348245695507e+00
2.846807206111128696e+00
2.830778653668980738e+00
2.803080065702081125e+00
2.782579419354462402e+00
2.767132948976201323e+00
2.749997020900317946e+00
2.731995068290359541e+00
2.701286690139459434e+00
2.702748993860931037e+00
2.674567703694710197e+00
2.656764510813883540e+00
2.649694343306186806e+00
2.634006521828265335e+00
2.615961977847779174e+00
2.610751633519817538e+00
2.592877455021443289e+00
2.567762743533259950e+00
2.548617922480791886e+00
2.522111892888684537e+00
2.498814413209707652e+00
2.475069724140184224e+00
2.456911603171621827e+00
2.444105797766114918e+00
2.423236026207250760e+00
2.402018425122406153e+00
2.378862916678524009e+00
2.370380135381639164e+00
2.345464183622587129e+00
2.332693871025854460e+00
2.314237610463593775e+00
2.299948205651351163e+00
2.276750105836940818e+00
2.265222041547282572e+00
2.239361981074853958e+00
2.215706024027264576e+00
2.184738548372317624e+00
2.168993938400358701e+00
2.143165821455825792e+00
2.125153221003235338e+00
2.105781245974616134e+00
2.089770439936855517e+00
2.066327439741907579e+00
2.049468355574457945e+00
2.031473501526254388e+00
2.010380125272116736e+00
1.994440304851903045e+00
1.981893596950443204e+00
1.967068250725719780e+00
1.941234809859871069e+00
1.916042014192385512e+00
1.892581267593050676e+00
1.868602325985621482e+00
1.848504523017583168e+00
1.821597424686333788e+00
1.807135879751539331e+00
1.789160546748160829e+00
1.767137258904155850e+00
1.749240010080079344e+00
1.732812163539228845e+00
1.714987674973138088e+00
1.698313153411311172e+00
1.686518893055851454e+00
1.671814222380958004e+00
1.661565673847587243e+00
1.642120051240763434e+00
1.620758704280385487e+00
1.598078799474069500e+00
1.576886043355366418e+00
1.556823733196101234e+00
1.540772997748470097e+00
1.524145504158268327e+00
1.507595207427149031e+00
1.487897585878032558e+00
1.471644541420392027e+00
1.453710912467322425e+00
1.440824360921855618e+00
1.427230615161575233e+00
1.417856964364473393e+00
1.407257037024244539e+00
1.396489406162560343e+00
1.384844659264059086e+00
1.366593369672465919e+00
1.349426829049015453e+00
1.338416516107342025e+00
1.327597420672935957e+00
1.317127042084730526e+00
1.306552847030862496e+00
1.300699195543880027e+00
1.290270521005983717e+00
1.282204780212188089e+00
1.275049873623544272e+00
1.265571962700670294e+00
1.258338971932724704e+00
1.253326500013676181e+00
1.247525644079744644e+00
1.244201298877989359e+00
1.237123145488318698e+00
1.229206918151481531e+00
1.219832380034160613e+00
1.211328303052011224e+00
1.203554712440433327e+00
1.195159775845262562e+00
1.188753989351796436e+00
1.184603327195781208e+00
1.179877237877524632e+00
1.171777557085339261e+00
1.165312763797286877e+00
1.160296520767306383e+00
1.157026967589095179e+00
1.155432009494832490e+00
1.152947069220572551e+00
1.151612539610685992e+00
1.146103722943944359e+00
1.138008478752855712e+00
1.133559898833197632e+00
1.126630704325348287e+00
1.120035031304943418e+00
1.116156000051073738e+00
1.112210419780753412e+00
1.108232452322427175e+00
1.102814253233085795e+00
1.097567306946076737e+00
1.094841348317238561e+00
1.093140799116874451e+00
1.090453771662659666e+00
1.086087379778317707e+00
1.083594342707056235e+00
1.081977534352392301e+00
1.077525127864288113e+00
1.071596275988716762e+00
1.066507827275887443e+00
1.063564475193310876e+00
1.062002791607273622e+00
1.057213924383498593e+00
1.053495498089329185e+00
1.050748077402685832e+00
1.048971052290917250e+00
1.045474178764014273e+00
1.044894980490840730e+00
1.041417295263680654e+00
1.038641092127422505e+00
1.037122831774619058e+00
1.036722816728237850e+00
1.034532411309284861e+00
1.029102510684550831e+00
1.027048669393105573e+00
1.023983116679072047e+00
1.021116212779142884e+00
1.019287445807084413e+00
1.017952361622060709e+00
1.017031655979468763e+00
1.013904684069002693e+00
1.011201851223380910e+00
1.010006104041550667e+00
1.009860528068065255e+00
1.008964501019073534e+00
1.007153203163833055e+00
1.008146253133058279e+00
1.006561055561208562e+00
1.004903929594078260e+00
1.004654911493147562e+00
1.004131988732009706e+00
1.003369170630946439e+00
1.002178165066538007e+00
1.001083253509008397e+00
1.001470069667126817e+00
1.000315679926144563e+00
1.000464763587372019e+00
1.001121144855249945e+00
1.000950737780001543e+00
9.994972379388313843e-01
9.986370780368307720e-01
9.988858604433280552e-01
9.991981278386432574e-01
9.988663948560163597e-01
9.979728911238983091e-01
9.994335588487153199e-01
9.981559425122723539e-01
9.977937217614838428e-01
9.987645263355224845e-01
9.981020170123798829e-01
9.985966495093371309e-01
9.993516550331567050e-01
9.988945672729803160e-01
9.997836066752446849e-01
9.979474291929169016e-01
9.988689597660254105e-01
9.989181644450633168e-01
9.977525653541228223e-01
9.982733114078476966e-01
9.986923969067551532e-01
9.991683124928356641e-01
9.989807551814727793e-01
9.994474093627641054e-01
9.983159235749434757e-01
9.985634547212878243e-01
9.988845259969043600e-01
9.996456214489483072e-01
9.983159443715112769e-01
1.000182651215135721e+00
1.000278409010837644e+00
9.997881645896526948e-01
9.989455708551192581e-01
9.980849742251982626e-01
9.988837634560909784e-01
9.998032698299490484e-01
9.996301453365288303e-01
9.995256079231880086e-01
9.993768379435223892e-01
9.997131444379832033e-01
9.983037350532586451e-01
9.985266759914150914e-01
9.990279495256390030e-01
9.983757154399580669e-01
9.993833420700520831e-01
1.000406489871795479e+00
9.997106211211094218e-01
9.994583414251538844e-01
1.000297595577533727e+00
9.990764800492759612e-01
9.993544123114164179e-01
9.989588234678483669e-01
9.996839807179616066e-01
9.990712150515682621e-01
1.000387817153624681e+00
1.001267088234763847e+00
9.993106727970496594e-01
9.985537453237705030e-01
1.000298179614474758e+00
1.000235477963038022e+00
1.001061891967946815e+00
1.000044781236484992e+00
9.999340958378351019e-01
1.000373019529224639e+00
9.996238075825403246e-01
9.992488428684063173e-01
1.000049965647493266e+00
1.001001132196013499e+00
1.000135554788142311e+00
