3.256190282921273660e+00
3.191309101513008617e+00
3.156675930184077661e+00
3.129884835542381616e+00
3.097428240600111682e+00
3.086257282380336253e+00
3.076078586925068414e+00
3.062026865840594247e+00
3.034915686436153948e+00
3.012029625899938168e+00
3.023872762121476487e+00
2.989879760318034041e+00
2.997529786147622222e+00
2.962864606342416884e+00
2.956238851753610231e+00
2.928999638444071962e+00
2.931400274164654096e+00
2.910850832396471244e+00
2.901088247132770803e+00
2.895934882452588344e+00
2.879514534123806868e+00
2.869911991241478333e+00
2.868791694571873219e+00
2.830445539995108728e+00
2.832334040095300320e+00
2.815401556146127415e+00
2.803750470782235826e+00
2.790146868365603883e+00
2.786369868165221586e+00
2.779328003384847534e+00
2.763483807629005362e+00
2.753081052839816412e+00
2.748663883113945161e+00
2.738005060514561162e+00
2.714462826214719016e+00
2.689144121481646721e+00
2.682182277891958400e+00
2.661728861552599135e+00
2.647981220992732254e+00
2.620533952587410731e+00
2.620998075493389923e+00
2.593854887612675242e+00
2.578170734238205419e+00
2.569864534644991316e+00
2.551059554833764675e+00
2.532014511450480398e+00
2.530013981683328694e+00
2.509576569582106398e+00
2.492067933059994189e+00
2.471022359909557764e+00
2.448736458303487407e+00
2.426842660531778773e+00
2.405845100095754141e+00
2.387024116046390532e+00
2.377357556211513234e+00
2.355991898298332998e+00
2.338235196085094003e+00
2.315853269050200502e+00
2.305994658357676474e+00
2.285221157255572511e+00
2.269408969976005608e+00
2.253956878054525603e+00
2.242049724880438077e+00
2.219715810559955926e+00
2.209905212581843692e+00
2.184338442157644611e+00
2.162296605183167131e+00
2.132288658675890680e+00
2.120081426036730665e+00
2.094158561313978595e+00
2.076729945982552561e+00
2.060069534081712561e+00
2.044685460172315672e+00
2.022423564923451433e+00
2.004946936877614050e+00
1.989690896873314463e+00
1.968541296174985966e+00
1.954457566614237862e+00
1.943354626406545549e+00
1.929851050478271546e+00
1.906840957096492151e+00
1.883024650218550811e+00
1.861240881584035112e+00
1.836444315120189241e+00
1.820532101352264398e+00
1.792712734410252251e+00
1.780245432901362612e+00
1.762910842468992989e+00
1.740022781403009811e+00
1.722208063826523583e+00
1.705619670997301274e+00
1.688393109172357631e+00
1.674367394974856538e+00
1.662946370534187590e+00
1.649578830630079374e+00
1.638775969887459993e+00
1.619643903459304202e+00
1.599211492682500069e+00
1.576450465256731270e+00
1.555371883365136876e+00
1.534824442126721200e+00
1.520195568204424141e+00
1.503049027570166452e+00
1.486980772480403834e+00
1.466790425805424736e+00
1.451038254418871798e+00
1.434688924896824425e+00
1.421134335459487641e+00
1.408190907866015973e+00
1.399552620331454778e+00
1.389647997454286354e+00
1.379318262001598683e+00
1.368597923111874115e+00
1.349549378801496946e+00
1.333746694038323577e+00
1.322749781908290290e+00
1.312303515596665804e+00
1.301599180945078427e+00
1.291657048134775998e+00
1.285988547039551788e+00
1.275945887608449958e+00
1.267643689074770208e+00
1.260642835154622610e+00
1.250943266578587565e+00
1.244135963913411747e+00
1.239170649031341220e+00
1.233457636148797665e+00
1.230519358053293599e+00
1.223482744663558108e+00
1.216273835647627033e+00
1.207599538577257103e+00
1.199235573687016387e+00
1.191083414885873104e+00
1.182337348810106548e+00
1.176137456995482333e+00
1.173125659431035528e+00
1.168536694211410154e+00
1.161399054068433578e+00
1.156583028720236772e+00
1.150807749348690567e+00
1.148101282639955478e+00
1.146369824126485248e+00
1.143789140726859888e+00
1.142283492010856882e+00
1.136769156740813802e+00
1.128842432637806148e+00
1.125424027398185700e+00
1.119640370808239638e+00
1.113019992643182299e+00
1.109180475887576289e+00
1.105780325482081050e+00
1.102352917858508308e+00
1.096795696231581685e+00
1.091966917506119072e+00
1.089269828280667207e+00
1.087772931882395877e+00
1.085954575357165552e+00
1.081748961654170671e+00
1.079525872950423349e+00
1.078033477744128055e+00
1.073505153583069749e+00
1.068166927449091030e+00
1.063757384742957113e+00
1.060588170492457571e+00
1.058649219532200814e+00
1.053660523458476828e+00
1.049760928293300921e+00
1.047692505547176411e+00
1.046353963583286362e+00
1.042487064576492317e+00
1.042674364175941948e+00
1.040080427266608876e+00
1.035976778065183623e+00
1.034253321670782322e+00
1.033832960353459729e+00
1.031871253367101726e+00
1.027050789343483927e+00
1.026273302204447013e+00
1.023379723445927647e+00
1.020374052503892681e+00
1.018649595844607791e+00
1.017340249112006934e+00
1.016396186611576935e+00
1.013229129182232402e+00
1.010843122335572719e+00
1.009411461962677059e+00
1.008449707277119023e+00
1.008284350988552847e+00
1.005908784406615464e+00
1.007145361868936106e+00
1.006055260695503994e+00
1.003974084572113901e+00
1.003622335174148894e+00
1.002936106576599595e+00
1.002561397973728674e+00
1.000898785816698666e+00
1.000242705827905754e+00
1.000872325684700304e+00
9.992176531301837361e-01
1.000246519337774531e+00
1.000670209661662868e+00
1.000324774435775499e+00
9.991873638591779461e-01
9.978026690483940975e-01
9.976327803095741409e-01
9.983506735423444134e-01
9.983606918203189462e-01
9.980960748711966701e-01
9.994675239868426875e-01
9.984262326139012877e-01
9.973373661424349557e-01
9.985117083740306931e-01
9.976879277258507983e-01
9.980316046736225077e-01
9.988893005530110614e-01
9.983826038729247676e-01
9.991309348535193369e-01
9.983920985747494203e-01
9.989157684995788600e-01
9.996067327261866087e-01
9.985429979099200715e-01
9.985603540685639157e-01
9.992045949847114805e-01
9.993106230623705066e-01
9.986159078424494684e-01
9.993014487578915084e-01
9.983563703634390496e-01
9.980214496406834002e-01
9.985881387700761280e-01
9.998211410668949028e-01
9.981652299031280595e-01
9.995359210055418941e-01
9.998474605366440837e-01
9.994011743853270513e-01
9.988450544610517623e-01
9.977398672613873032e-01
9.990725092253782691e-01
9.995657843825153099e-01
9.991998749847921246e-01
9.987306843305550075e-01
9.988073628391790360e-01
9.989673016775065806e-01
9.978607293454155869e-01
9.983576812574563863e-01
9.983014202650399849e-01
9.979833770585522235e-01
9.994152191201864932e-01
1.000426238804903001e+00
9.991508580982122467e-01
9.992488938250143615e-01
1.001133719123943777e+00
9.993651843859419071e-01
9.991332987607637328e-01
9.989230165127002126e-01
9.991267599198159211e-01
9.996659183212019961e-01
9.999877340110689961e-01
1.001045029622147808e+00
9.995695226771533770e-01
9.989020822580908510e-01
1.000124682386213326e+00
9.995529645814096309e-01
1.000231657003591179e+00
9.995547111376710259e-01
1.000478709731159155e+00
1.000632683122568700e+00
9.998955914464179306e-01
9.996249328583259874e-01
1.000224312285173500e+00
1.000400037530516206e+00
1.000000268580391261e+00
