3.158022927421018977e+00
3.093144910723549135e+00
3.067862394662520309e+00
3.032662219998055964e+00
2.999903893095801966e+00
3.002345740858010981e+00
2.990286769601561812e+00
2.976875390353735273e+00
2.948925625198600464e+00
2.921389095818609061e+00
2.939571469924906033e+00
2.912110074322213471e+00
2.912823845206551798e+00
2.877698804319386738e+00
2.873942115454449109e+00
2.850913612712382417e+00
2.844452107864690049e+00
2.832318002830942039e+00
2.820860101792882713e+00
2.815074800940879030e+00
2.800536415033571203e+00
2.789529316659304481e+00
2.790017686211746284e+00
2.753765638665099935e+00
2.754066173774294857e+00
2.746590362933069240e+00
2.729121759711110151e+00
2.718565464000636034e+00
2.715372278465439049e+00
2.702073599883560551e+00
2.690878667066046948e+00
2.681036142239911158e+00
2.678988746808520283e+00
2.667418145104512472e+00
2.642886966816471173e+00
2.621173305177132651e+00
2.614016812889426777e+00
2.592641253247932820e+00
2.585090308629408362e+00
2.553778306940154952e+00
2.552726434057972504e+00
2.533905422844635602e+00
2.513356334753428012e+00
2.516981539508092336e+00
2.488919073687009487e+00
2.469271590923386661e+00
2.471844922795868982e+00
2.454714421571754457e+00
2.436165770301125466e+00
2.417260233588327534e+00
2.397124381272263349e+00
2.375410719632924383e+00
2.355575402426055120e+00
2.340426554578194818e+00
2.331429284746669772e+00
2.309161511499752351e+00
2.295149062033535969e+00
2.270204647970351264e+00
2.262869712961560698e+00
2.241879213928722692e+00
2.223405696435392542e+00
2.211825703009223432e+00
2.203476462006899617e+00
2.184467616350316277e+00
2.173460517976049111e+00
2.149995300153433764e+00
2.129929885753586660e+00
2.101707760655743940e+00
2.088488911712245599e+00
2.064586978809081153e+00
2.046705139811978658e+00
2.029363324839211558e+00
2.016501361337881271e+00
1.996750569630473038e+00
1.980873863315030903e+00
1.964889152194722044e+00
1.944748604017576321e+00
1.933544279477900307e+00
1.921968981912811847e+00
1.907641909754156595e+00
1.886552797638614054e+00
1.864745218777652092e+00
1.843390790511023392e+00
1.819373809011370025e+00
1.803285788947275314e+00
1.777503163681101395e+00
1.766744945944136891e+00
1.747329908304032120e+00
1.726106964147676059e+00
1.710105817513583037e+00
1.693797091978673341e+00
1.675880034023462306e+00
1.663271647020515775e+00
1.652219937965978103e+00
1.637737902391644296e+00
1.627395268360363190e+00
1.607620997347548819e+00
1.588120260242712689e+00
1.563702956585889314e+00
1.542182999216149319e+00
1.521420249445748052e+00
1.507268098112366506e+00
1.489390954976345549e+00
1.472967180844947155e+00
1.455045427028654803e+00
1.438301160378466559e+00
1.423639508117777730e+00
1.410017989086568502e+00
1.396767443080771942e+00
1.388359503814933671e+00
1.379969174028150114e+00
1.368438487143332827e+00
1.357623332090759138e+00
1.340289147892248289e+00
1.324233998855721905e+00
1.313213986863482008e+00
1.302258542961108212e+00
1.291399364210898293e+00
1.280883570302249197e+00
1.275895391868774320e+00
1.265318551766069888e+00
1.257555706416257912e+00
1.251133529405120237e+00
1.241644368125342179e+00
1.235736387902592881e+00
1.230721208267901545e+00
1.224702875309744865e+00
1.223469037810666737e+00
1.216729009702597342e+00
1.209885672650742094e+00
1.201461004379802411e+00
1.193793543708201454e+00
1.185419062452566674e+00
1.177213925687171869e+00
1.171530466322366015e+00
1.169319009244451646e+00
1.164924270255109917e+00
1.157045789326173857e+00
1.151918202516851952e+00
1.145415021902064234e+00
1.141950650389429667e+00
1.141442323427392713e+00
1.138981692220858655e+00
1.138016105786042731e+00
1.132744708231109731e+00
1.124825872246007608e+00
1.121546987246079041e+00
1.116155551742259000e+00
1.109625076434936908e+00
1.105466010973606306e+00
1.102056522337357958e+00
1.097937518440876392e+00
1.092886679611099865e+00
1.088164991293981476e+00
1.086800256667265874e+00
1.084629594882494219e+00
1.083058535859525051e+00
1.078621387374793628e+00
1.077090389916672830e+00
1.076002417602428762e+00
1.071247931630571859e+00
1.065305172686690227e+00
1.060615181431869836e+00
1.058923790968695267e+00
1.056416788133984763e+00
1.051501395547268070e+00
1.047758060537280267e+00
1.045365152452276236e+00
1.044630103447413916e+00
1.040550794251634326e+00
1.039579337990466978e+00
1.037599959171923381e+00
1.034186948639864267e+00
1.032677963030561585e+00
1.032367449216568867e+00
1.029835279501376544e+00
1.025683771441473713e+00
1.025397177169863339e+00
1.023279197076595981e+00
1.019417695124870349e+00
1.018101496624798319e+00
1.017258736306386746e+00
1.015870485687850655e+00
1.013170769116738645e+00
1.010757793562895523e+00
1.009863048594858759e+00
1.008783440783165508e+00
1.008519555402252577e+00
1.006218583472478389e+00
1.007236741539554670e+00
1.006389285360062225e+00
1.004006832903246549e+00
1.003766353454909943e+00
1.002652498875097553e+00
1.002916971238645427e+00
1.001345251860211505e+00
1.000162683625672067e+00
1.000900007188245455e+00
9.992628392459927955e-01
9.996233566432166651e-01
1.000131335084313733e+00
9.998428147759320650e-01
9.987899697037601054e-01
9.974235658451758857e-01
9.975529955162256712e-01
9.977790755467937922e-01
9.981524698755763758e-01
9.974711114386227706e-01
9.981596145548385923e-01
9.971284786685633561e-01
9.961556099804300679e-01
9.981312100982596691e-01
9.976487837449985463e-01
9.980581582749949998e-01
9.993809236432975585e-01
9.984337446170555852e-01
9.992337744339492289e-01
9.984756221594318637e-01
9.991635291214087111e-01
9.996066276381150306e-01
9.985488115567515699e-01
9.988311502042570567e-01
9.988147880633023723e-01
9.992668839232130562e-01
9.988842858901433308e-01
9.983911471037909546e-01
9.983778207636524460e-01
9.983852635200338721e-01
9.978551998572893211e-01
9.980260989343519018e-01
9.966882233489962051e-01
9.986825564673300626e-01
9.996726815277763301e-01
9.991320613492027380e-01
9.982456441973022176e-01
9.976603078650152501e-01
9.989150245198573641e-01
9.989950972057346501e-01
9.986826711123760747e-01
9.982671653653236721e-01
9.994474705066562770e-01
9.989793633196315525e-01
9.980504082698902213e-01
9.981163406358029011e-01
9.981792647157103904e-01
9.980645485898548275e-01
9.991709672919886209e-01
9.998911674705022179e-01
9.994441549719281781e-01
9.995235168585205887e-01
1.001270278585977058e+00
9.996946842049906357e-01
9.990646661125041073e-01
9.986000601851819924e-01
9.995606480959955409e-01
1.000361996330917158e+00
9.999644657806158188e-01
1.000442457663500262e+00
9.992057047409044213e-01
9.989423192123916273e-01
1.000435941239089743e+00
9.997346781292623108e-01
9.996569992319439546e-01
9.994086012502851890e-01
1.000700820592550944e+00
9.998111681574542997e-01
9.991733358586374347e-01
9.994071739194634318e-01
1.000669903116565340e+00
1.000236634266097102e+00
9.994421349262188059e-01
