3.124236403720988875e+00
3.053293005922723680e+00
3.045684073610820608e+00
2.995060483489429881e+00
2.961853871376789460e+00
2.975224480757243217e+00
2.966428027217470564e+00
2.950022641365795284e+00
2.913561341443438035e+00
2.891746136664802513e+00
2.910350635901421512e+00
2.882861718589632360e+00
2.875648626687018705e+00
2.853745457372985239e+00
2.850270858224775328e+00
2.822562029574492204e+00
2.815085044065685604e+00
2.811962303059066137e+00
2.786100729652135399e+00
2.787244268612305564e+00
2.770618971422135424e+00
2.765692957439862987e+00
2.763010039110232352e+00
2.722854228701171220e+00
2.725449182495403910e+00
2.727296437738756296e+00
2.710099371068500851e+00
2.700819112584041282e+00
2.693166198004439238e+00
2.673682053413843018e+00
2.672802408059865797e+00
2.659079940537820708e+00
2.657320649829866266e+00
2.650965212147380345e+00
2.619869748884284810e+00
2.601177285112268311e+00
2.587036986047084319e+00
2.570565626793860137e+00
2.559328157396800751e+00
2.531003576998733351e+00
2.537315032413520299e+00
2.519128364720040203e+00
2.493420729250055423e+00
2.499050459515510081e+00
2.469472384488025085e+00
2.450757929582159100e+00
2.452385273487017070e+00
2.435672011761448985e+00
2.419574501783665621e+00
2.401805665633325315e+00
2.380650194870172598e+00
2.356503929903496886e+00
2.339592747973284315e+00
2.326123178490508092e+00
2.315633407644329012e+00
2.294082096471886434e+00
2.277907617525630091e+00
2.252782747102654692e+00
2.250308744544593953e+00
2.228328606262087508e+00
2.207459020238977221e+00
2.198310708557613680e+00
2.190602816143388143e+00
2.172416148449908935e+00
2.161437074875579789e+00
2.138280410932129172e+00
2.120654517151809859e+00
2.091802149541356570e+00
2.077661850476172134e+00
2.055945605799858633e+00
2.040518825404483039e+00
2.018736607326621080e+00
2.008648174673194564e+00
1.988971607661416119e+00
1.974424472620017301e+00
1.958667825216899860e+00
1.938573426661982069e+00
1.930370733736144206e+00
1.917511418217689556e+00
1.900550756236315753e+00
1.878991198388679562e+00
1.858652148469686960e+00
1.835074904091365422e+00
1.814122851316319895e+00
1.797244656086881553e+00
1.771674465203455284e+00
1.760995020827825330e+00
1.741417413918369350e+00
1.720053027383646960e+00
1.704433824567088251e+00
1.689243448860593633e+00
1.668060489180129169e+00
1.656737804139403192e+00
1.645577303710816786e+00
1.630329201277967544e+00
1.620779551403852103e+00
1.601026015423600679e+00
1.581099299264284941e+00
1.558104819932973228e+00
1.536025721548144540e+00
1.515244100060431975e+00
1.501895481813827260e+00
1.484512864951717637e+00
1.468400236069412390e+00
1.451236156099931396e+00
1.433531918905273539e+00
1.417608963552419832e+00
1.404559974504513420e+00
1.391183867340596958e+00
1.383441613779731849e+00
1.374374394404438204e+00
1.362864784725992262e+00
1.349857716276986253e+00
1.332405002675731476e+00
1.316715703120027836e+00
1.305081706090746252e+00
1.294280623256011342e+00
1.283752367925596216e+00
1.272400819521692927e+00
1.267839720916734469e+00
1.257535500262410455e+00
1.249576771477714621e+00
1.242546480875224457e+00
1.233758961233578422e+00
1.227712773870850427e+00
1.223313859878031540e+00
1.218728708470424804e+00
1.215355818316268266e+00
1.208255087363167002e+00
1.200383979502402720e+00
1.191435649694482457e+00
1.183967254472335862e+00
1.176331864077519995e+00
1.168594764688650756e+00
1.163080144264439397e+00
1.160218204360815797e+00
1.156879331741832662e+00
1.148695193835180373e+00
1.144364658524174239e+00
1.137253619227080792e+00
1.133957010818464450e+00
1.133414448313022849e+00
1.131260004418711551e+00
1.130808842563332028e+00
1.127020182534834492e+00
1.120004667225399597e+00
1.116557213383035041e+00
1.111738062566811847e+00
1.104276024156793490e+00
1.100112312212723431e+00
1.097167733751431173e+00
1.093341448267363347e+00
1.088305822227310093e+00
1.085492846957648361e+00
1.084758549253956872e+00
1.082865250074107610e+00
1.080324930503032022e+00
1.075185533800126603e+00
1.072588861948561734e+00
1.071895454009371695e+00
1.066957671334375135e+00
1.061083805122045476e+00
1.057671657357853068e+00
1.056268863546285797e+00
1.053926721888454932e+00
1.048900802872327009e+00
1.045124169245153833e+00
1.042719060786105434e+00
1.042759606939140271e+00
1.039185704077141281e+00
1.037338792445255509e+00
1.034805946423573708e+00
1.031889458199659826e+00
1.030819623899031479e+00
1.031174230932353719e+00
1.028165311223978584e+00
1.023701325809710294e+00
1.023745995300342049e+00
1.022354755424332406e+00
1.018600499493908185e+00
1.017729100815124577e+00
1.015536859659509350e+00
1.014399720462900500e+00
1.012858880744708312e+00
1.010712726477023482e+00
1.009089162298296039e+00
1.008817623336975444e+00
1.007702518225649602e+00
1.006412987343693555e+00
1.007613179244386092e+00
1.006848514877352052e+00
1.004907969120873101e+00
1.004200687868727293e+00
1.002681968138684265e+00
1.003375870019357130e+00
1.002192944594850754e+00
1.000467370762036623e+00
1.000410331258614782e+00
9.994051818165359258e-01
9.996945026712423799e-01
9.998792153101475622e-01
9.993075317329289664e-01
9.988538786944178849e-01
9.968156828543319747e-01
9.967590513895263626e-01
9.983024252422834088e-01
9.986103011161755472e-01
9.975137295483182953e-01
9.979130168101302267e-01
9.970451831003104282e-01
9.957915488787346669e-01
9.979936581261503736e-01
9.969260680379121720e-01
9.973244533196248263e-01
9.992359746450518720e-01
9.980760926645108055e-01
9.990862352107108268e-01
9.985561393587845114e-01
9.986300158240600799e-01
9.987394668139659704e-01
9.978708492404883001e-01
9.986569571105972098e-01
9.995627598874540221e-01
9.988899149469563365e-01
9.988221214784219759e-01
9.986567745670056340e-01
9.979552649137097831e-01
9.986761671391406470e-01
9.976799140126838550e-01
9.977982452114244616e-01
9.968332714662682115e-01
9.976987160026107304e-01
9.974355686775711050e-01
9.979152663914494514e-01
9.971655491232036539e-01
9.972126775833917156e-01
9.986821212815817361e-01
9.988876868413538723e-01
9.984090521754498404e-01
9.980520344929337817e-01
9.988663319256102513e-01
9.990920417076000204e-01
9.983733702722361603e-01
9.981849503877442409e-01
9.978628683272883215e-01
9.981395936741798147e-01
9.990120392941501670e-01
9.991642296446539007e-01
9.990398932986450653e-01
9.989814283445304088e-01
1.000978087464150956e+00
9.991672496673077442e-01
9.986038047118888095e-01
9.989383775860412040e-01
9.997380500556790617e-01
1.000265992967011019e+00
1.000219065841666755e+00
1.000360845838524249e+00
9.987733783127883402e-01
9.991246995614628812e-01
1.000330213413187952e+00
9.998535008239239907e-01
9.997194494005958720e-01
9.994378316170051679e-01
9.997570694872371933e-01
9.996744537475175107e-01
9.997644114978667673e-01
9.993997310112037180e-01
1.000358382842271077e+00
1.000221225493422406e+00
9.995553964011076875e-01
