3.079329678790307057e+00
3.007732910631892853e+00
3.003823891680715175e+00
2.952286562877028953e+00
2.927649456592631871e+00
2.945651517552003273e+00
2.908104361836743035e+00
2.911241863889661996e+00
2.867059662849376078e+00
2.857441418851083714e+00
2.864487939855179910e+00
2.840570916009158342e+00
2.838153496394614006e+00
2.820922952333501321e+00
2.815985244184645353e+00
2.783067189858937418e+00
2.764345046461191391e+00
2.779312474287411128e+00
2.751897907169282842e+00
2.751023521351256385e+00
2.731684164434903028e+00
2.732867157012233150e+00
2.726437849526743396e+00
2.686164667437635600e+00
2.685598888378912363e+00
2.688633521512063140e+00
2.677009333578297845e+00
2.664767932125925665e+00
2.660550306415443877e+00
2.636890454868841438e+00
2.629998237244396631e+00
2.618888393909470036e+00
2.617653966872255822e+00
2.620405710476045869e+00
2.583012858140437018e+00
2.577843694922103523e+00
2.554080974455732900e+00
2.549889065975193603e+00
2.536464671945490856e+00
2.504832479116880783e+00
2.508381456848871593e+00
2.492591077664508603e+00
2.463093414921081248e+00
2.474537582245253553e+00
2.447560208036138274e+00
2.428786630178508155e+00
2.427269313611932766e+00
2.410784569219136309e+00
2.402053569653840981e+00
2.380258217278030664e+00
2.360353081302954514e+00
2.335767409478441969e+00
2.318974058326342291e+00
2.308237114825574476e+00
2.299956166784263623e+00
2.276990680446093762e+00
2.261727504475540940e+00
2.236126002068320684e+00
2.238234814923561355e+00
2.210820247805433070e+00
2.191802356263354401e+00
2.185270179858096906e+00
2.175741946164600815e+00
2.159308636231688894e+00
2.148912446027651857e+00
2.123214504008148928e+00
2.107173381831851877e+00
2.081899774106391821e+00
2.065871510545065348e+00
2.046493577783799367e+00
2.030111702310771093e+00
2.005255999571867953e+00
1.999257455687906138e+00
1.978709388964280613e+00
1.963079742467054745e+00
1.948401633477681694e+00
1.928573649192431017e+00
1.919109708573790041e+00
1.908559214990101394e+00
1.889708485442645358e+00
1.871221011768119613e+00
1.851029771609938868e+00
1.829964145633731443e+00
1.810104014811053652e+00
1.793014915514621777e+00
1.768377809230224695e+00
1.758566686007367430e+00
1.737722871139409264e+00
1.716824407157824917e+00
1.702782799609515063e+00
1.689094803972907233e+00
1.665618187689641427e+00
1.654759087346648894e+00
1.641765456918474086e+00
1.627322017652321318e+00
1.621220604848591540e+00
1.600105151739371845e+00
1.579550655708260809e+00
1.555138575185856187e+00
1.533060333280684251e+00
1.512425470906004765e+00
1.498835522208550763e+00
1.481783391430160357e+00
1.464163874266175558e+00
1.447335161922906011e+00
1.429133792431484418e+00
1.414024919840583427e+00
1.401111655755977292e+00
1.385797045325540600e+00
1.378032049209940046e+00
1.370104713080331216e+00
1.357811877168074943e+00
1.343885997154504075e+00
1.327181852643765758e+00
1.311734637746440946e+00
1.298592329582664018e+00
1.289060881235425393e+00
1.279571223386842593e+00
1.268717748687899993e+00
1.263407944368321045e+00
1.254230107932784444e+00
1.245766728291572756e+00
1.237586238179722686e+00
1.229365564896088392e+00
1.223184589412225520e+00
1.218233218984962729e+00
1.214210883489353243e+00
1.210384641872051192e+00
1.205205834692489208e+00
1.197045436166531029e+00
1.188027528754695972e+00
1.179490212077401345e+00
1.172559016776325347e+00
1.165250903323912901e+00
1.159043005114954505e+00
1.157581944988876899e+00
1.155829556867363106e+00
1.147981381586169469e+00
1.143797911571704740e+00
1.135451063128667615e+00
1.131019662944293902e+00
1.130635913653753599e+00
1.128975544995625802e+00
1.128499374409981826e+00
1.124951200341427038e+00
1.117469495586906003e+00
1.113009565350565389e+00
1.108887977420648596e+00
1.101805894309522582e+00
1.098005771753880255e+00
1.096147500974715028e+00
1.092568184948027543e+00
1.087139237524108015e+00
1.082997758924157949e+00
1.083244282683054838e+00
1.080676979837755125e+00
1.079753972381869431e+00
1.074963736473461662e+00
1.073360427919267668e+00
1.072256194358634840e+00
1.066797712303454215e+00
1.060127808076905875e+00
1.056459586782645399e+00
1.055290658315439778e+00
1.053936083594590567e+00
1.048011577204641220e+00
1.044482490142684128e+00
1.041480706752466512e+00
1.040821903651063085e+00
1.037734429647015233e+00
1.035816285941891124e+00
1.032853379770374946e+00
1.030174066333726657e+00
1.029899916644227975e+00
1.030439275267502897e+00
1.026093565696959198e+00
1.022492148925790323e+00
1.023320977072806448e+00
1.021904871870162657e+00
1.019390058293006218e+00
1.018734369387415795e+00
1.015844596588546978e+00
1.014479172411316021e+00
1.013053473476408950e+00
1.011012067891836175e+00
1.009641620818132468e+00
1.008825500599193070e+00
1.007668526625593142e+00
1.006255686305656871e+00
1.007704189190551824e+00
1.006196114753486581e+00
1.004475722482506050e+00
1.003520166657475343e+00
1.002107954199597861e+00
1.003066046587347770e+00
1.002145023175568861e+00
1.000878901661609977e+00
1.000582199166947461e+00
9.988614301787315242e-01
9.990157586728656280e-01
9.996136089255691637e-01
9.999099849319608158e-01
9.994943402488167816e-01
9.967556561758570410e-01
9.968231136754900357e-01
9.983452773371620514e-01
9.985366748072671550e-01
9.977117142905352898e-01
9.981392883528027449e-01
9.964320811850639892e-01
9.950461384757406380e-01
9.972265527202044400e-01
9.960719520651882819e-01
9.968497475840382149e-01
9.989161797502876805e-01
9.980270015021479590e-01
9.989718962294148463e-01
9.980698091373394476e-01
9.981678686337343009e-01
9.986757839250880453e-01
9.980534721665609288e-01
9.978873021939915766e-01
9.984706362758879461e-01
9.982829180774492883e-01
9.982142801971451984e-01
9.984046982024381567e-01
9.979627523776370968e-01
9.986146301605287601e-01
9.978474769035809988e-01
9.978819653664889877e-01
9.970092684974014574e-01
9.975636644169925127e-01
9.982452526325220621e-01
9.983784598469870319e-01
9.979228831368824881e-01
9.974737545701251040e-01
9.983701532319447791e-01
9.992700741999162029e-01
9.985785657638523993e-01
9.980732686572851842e-01
9.986104925495590257e-01
9.986774414809240774e-01
9.983423797537591682e-01
9.979058492392183233e-01
9.980399856895307842e-01
9.973865790625251471e-01
9.984163450436349674e-01
9.988186037076782764e-01
9.991060986052434645e-01
9.989791386182669264e-01
1.000761259147590732e+00
9.995535350837515542e-01
9.992345434859901676e-01
9.987749735731893397e-01
9.996234946136901556e-01
9.993540821434278021e-01
9.998955566618420443e-01
1.000330550483993219e+00
9.987113099300487518e-01
9.990149659970160023e-01
9.995997488706138689e-01
1.000671733866234758e+00
1.000824012390745699e+00
9.996256057998640365e-01
9.996766290100991270e-01
9.998446700116045971e-01
9.992942264836757182e-01
9.997647321838913914e-01
1.001010972445747882e+00
1.000437891351277253e+00
9.994828503731347791e-01
