0.000000000000000000e+00
0.000000000000000000e+00
0.000000000000000000e+00
0.000000000000000000e+00
0.000000000000000000e+00
0.000000000000000000e+00
0.000000000000000000e+00
1.000000000000000000e+00
1.000000000000000000e+00
1.000000000000000000e+00
1.900000000000000000e+01
3.600000000000000000e+01
1.380000000000000000e+02
2.520000000000000000e+02
4.290000000000000000e+02
6.330000000000000000e+02
7.990000000000000000e+02
8.520000000000000000e+02
8.250000000000000000e+02
7.940000000000000000e+02
8.020000000000000000e+02
8.300000000000000000e+02
8.180000000000000000e+02
8.280000000000000000e+02
8.850000000000000000e+02
9.910000000000000000e+02
9.460000000000000000e+02
1.001000000000000000e+03
9.170000000000000000e+02
9.030000000000000000e+02
7.830000000000000000e+02
7.290000000000000000e+02
7.130000000000000000e+02
6.410000000000000000e+02
5.540000000000000000e+02
5.670000000000000000e+02
5.040000000000000000e+02
5.040000000000000000e+02
4.420000000000000000e+02
4.230000000000000000e+02
4.200000000000000000e+02
3.720000000000000000e+02
3.590000000000000000e+02
3.210000000000000000e+02
3.140000000000000000e+02
2.720000000000000000e+02
2.210000000000000000e+02
1.850000000000000000e+02
1.940000000000000000e+02
1.660000000000000000e+02
1.420000000000000000e+02
1.290000000000000000e+02
1.240000000000000000e+02
9.500000000000000000e+01
9.600000000000000000e+01
6.300000000000000000e+01
5.800000000000000000e+01
7.000000000000000000e+01
5.900000000000000000e+01
4.800000000000000000e+01
4.300000000000000000e+01
2.400000000000000000e+01
2.500000000000000000e+01
1.600000000000000000e+01
1.500000000000000000e+01
1.500000000000000000e+01
1.500000000000000000e+01
7.000000000000000000e+00
1.200000000000000000e+01
8.000000000000000000e+00
