2.000000000000000000e+00
4.000000000000000000e+00
4.000000000000000000e+00
3.000000000000000000e+00
4.000000000000000000e+00
5.000000000000000000e+00
5.000000000000000000e+00
9.000000000000000000e+00
1.700000000000000000e+01
1.800000000000000000e+01
3.500000000000000000e+01
4.900000000000000000e+01
7.700000000000000000e+01
7.900000000000000000e+01
1.160000000000000000e+02
1.310000000000000000e+02
1.790000000000000000e+02
2.090000000000000000e+02
2.750000000000000000e+02
3.030000000000000000e+02
3.530000000000000000e+02
4.800000000000000000e+02
5.260000000000000000e+02
5.570000000000000000e+02
6.360000000000000000e+02
7.290000000000000000e+02
7.390000000000000000e+02
8.300000000000000000e+02
8.270000000000000000e+02
9.330000000000000000e+02
9.600000000000000000e+02
9.840000000000000000e+02
1.000000000000000000e+03
1.025000000000000000e+03
9.990000000000000000e+02
9.060000000000000000e+02
9.370000000000000000e+02
9.720000000000000000e+02
9.100000000000000000e+02
8.790000000000000000e+02
7.800000000000000000e+02
7.160000000000000000e+02
6.070000000000000000e+02
5.450000000000000000e+02
4.860000000000000000e+02
4.250000000000000000e+02
3.900000000000000000e+02
3.230000000000000000e+02
2.580000000000000000e+02
2.250000000000000000e+02
1.480000000000000000e+02
1.380000000000000000e+02
1.280000000000000000e+02
1.020000000000000000e+02
8.300000000000000000e+01
5.800000000000000000e+01
5.500000000000000000e+01
6.000000000000000000e+01
4.600000000000000000e+01
4.700000000000000000e+01
2.900000000000000000e+01
2.500000000000000000e+01
2.100000000000000000e+01
1.700000000000000000e+01
9.000000000000000000e+00
9.000000000000000000e+00
9.000000000000000000e+00
6.000000000000000000e+00
5.000000000000000000e+00
5.000000000000000000e+00
