0.000000000000000000e+00
1.174950064622254202e-02
2.349900129244508404e-02
1.174950064622254098e-01
1.821172600164493727e-01
4.347315239102340079e-01
1.057455058160028605e+00
1.850546351780050225e+00
3.507225942897428617e+00
4.881917518505465736e+00
5.322523792738810933e+00
4.705675008812128191e+00
3.518975443543646442e+00
2.338150628598288705e+00
1.498061332393376022e+00
1.192574315591586220e+00
6.462225355422389628e-01
6.109740336035730524e-01
4.406062742333459181e-01
3.877335213253433333e-01
4.758547761720122726e-01
4.406062742333459181e-01
4.641052755257910056e-01
3.759840206791207895e-01
3.759840206791207895e-01
3.759840206791207895e-01
2.702385148631196166e-01
3.701092703560095454e-01
3.289860180942307255e-01
4.112325226177906412e-01
3.466102690635644579e-01
3.583597697097870016e-01
3.818587710022320891e-01
2.819880155093406060e-01
3.231112677711212022e-01
4.229820232640120747e-01
2.643637645400068181e-01
5.111032781106799039e-01
3.701092703560095454e-01
4.288567735871221531e-01
4.699800258489009730e-01
4.347315239102334528e-01
5.757255316649101395e-01
6.403477852191276076e-01
5.287275290800136363e-01
7.049700387733515150e-01
5.816002819880149444e-01
7.460932910351303349e-01
6.403477852191276076e-01
5.816002819880149444e-01
6.050992832804600319e-01
5.346022794031249914e-01
4.347315239102382267e-01
3.877335213253433333e-01
3.407355187404532137e-01
3.407355187404532137e-01
2.937375161555630942e-01
2.996122664786743939e-01
2.291152626013392424e-01
1.879920103395625042e-01
7.049700387733515150e-02
4.112325226177884069e-02
2.349900129244504934e-02
0.000000000000000000e+00
0.000000000000000000e+00
0.000000000000000000e+00
0.000000000000000000e+00
0.000000000000000000e+00
0.000000000000000000e+00
