0.000000000000000000e+00
0.000000000000000000e+00
0.000000000000000000e+00
1.633986928104575950e-02
8.986928104575167553e-02
3.022875816993465525e-01
9.885620915032684586e-01
1.993464052287582611e+00
4.109477124183007923e+00
6.715686274509807596e+00
7.483660130718957859e+00
5.408496732026145892e+00
3.758169934640519294e+00
2.165032679738566390e+00
1.584967320261440937e+00
1.568627450980390581e+00
1.413398692810456270e+00
1.176470588235296377e+00
9.477124183006553348e-01
9.722222222222213217e-01
1.053921568627450123e+00
9.150326797385638367e-01
7.598039215686289705e-01
7.107843137254895582e-01
5.147058823529406801e-01
6.290849673202608683e-01
4.901960784313748598e-01
4.003267973856205475e-01
3.513071895424833557e-01
2.859477124183019692e-01
2.614379084967318190e-01
2.777777777777775126e-01
1.633986928104573799e-01
3.104575163398690107e-01
1.715686274509811982e-01
1.552287581699349495e-01
1.552287581699345054e-01
1.307189542483659095e-01
3.267973856209147737e-02
7.352941176470581541e-02
8.986928104575156451e-02
6.535947712418295474e-02
8.169934640522959202e-02
6.535947712418295474e-02
6.535947712418295474e-02
7.352941176470581541e-02
5.718954248366008714e-02
6.535947712418295474e-02
4.084967320261434498e-02
4.901960784313720565e-02
5.718954248366008714e-02
5.718954248366008714e-02
5.718954248366071857e-02
7.352941176470581541e-02
8.169934640522868996e-02
6.535947712418295474e-02
1.062091503267972858e-01
1.062091503267972858e-01
4.901960784313720565e-02
4.901960784313775382e-02
8.169934640522868996e-02
8.169934640522869343e-03
1.633986928104573869e-02
0.000000000000000000e+00
0.000000000000000000e+00
0.000000000000000000e+00
0.000000000000000000e+00
0.000000000000000000e+00
0.000000000000000000e+00
