0.000000000000000000e+00
8.525149190110832553e-03
1.705029838022166511e-02
1.449275362318841465e-01
2.472293265132141094e-01
3.324808184143224210e-01
9.462915601023023093e-01
2.199488491048594785e+00
3.793691389599319841e+00
5.771526001705032272e+00
6.930946291560106332e+00
5.166240409207163431e+00
3.751065643648760606e+00
2.642796248934361270e+00
1.679454390451835977e+00
1.415174765558395942e+00
1.176470588235293047e+00
1.287297527706737332e+00
1.312872975277069809e+00
9.633418584825225173e-01
8.354646206308602441e-01
1.005967604433079421e+00
7.757885763000866852e-01
9.548167092924118027e-01
6.649616368286438428e-01
5.797101449275356977e-01
4.603580562659868036e-01
5.626598465473141575e-01
3.580562659846543982e-01
3.324808184143238088e-01
3.069053708439895001e-01
2.728047740835462531e-01
1.790281329923271991e-01
2.728047740835462531e-01
2.131287297527716951e-01
1.449275362318843408e-01
1.790281329923271991e-01
1.364023870417731266e-01
1.108269394714406497e-01
1.364023870417731266e-01
1.108269394714406497e-01
8.525149190110818676e-02
1.108269394714418710e-01
6.820119352088656328e-02
5.115089514066491205e-02
1.023017902813298241e-01
8.525149190110818676e-02
4.262574595055409338e-02
3.410059676044328164e-02
7.672634271099737502e-02
1.278772378516623009e-01
3.410059676044328164e-02
1.278772378516637165e-01
1.023017902813298241e-01
5.967604433077573767e-02
9.377664109121901237e-02
7.672634271099737502e-02
9.377664109121901237e-02
8.525149190110818676e-02
4.262574595055457216e-02
5.115089514066491205e-02
5.967604433077573767e-02
0.000000000000000000e+00
8.525149190110820410e-03
0.000000000000000000e+00
0.000000000000000000e+00
0.000000000000000000e+00
0.000000000000000000e+00
0.000000000000000000e+00
