4.811835080888620553e+00
4.656326085931705272e+00
4.583179531140959106e+00
4.550887649313694716e+00
4.512355089200712044e+00
4.484072480341888323e+00
4.454792088617616663e+00
4.451780598514624820e+00
4.395959182569403545e+00
4.380139788775373688e+00
4.354342566326850239e+00
4.308226856436454533e+00
4.288053501047736304e+00
4.269295183177292508e+00
4.245529809472957439e+00
4.235116584658996430e+00
4.204294164869939010e+00
4.177807565168924597e+00
4.139184297522719547e+00
4.122330837849950136e+00
4.125687016579188793e+00
4.108325594720373175e+00
4.067525346276823939e+00
4.057075838449573979e+00
4.035287888969493864e+00
4.026162711127294180e+00
4.002742026049205926e+00
3.968055465344863197e+00
3.956209061505985058e+00
3.941931695776739630e+00
3.922193736547490595e+00
3.914864567863099776e+00
3.881547690910419846e+00
3.839069353102251725e+00
3.806886320314855077e+00
3.769405967587254658e+00
3.739844382509991849e+00
3.712087877343860587e+00
3.687751046180222758e+00
3.664566200688512687e+00
3.629798003204270263e+00
3.610649642940968462e+00
3.584163043239954050e+00
3.563871768058046285e+00
3.524568193912671177e+00
3.509674016957511355e+00
3.481336983578755095e+00
3.456328916669269891e+00
3.423964468815427153e+00
3.380043881229019220e+00
3.337615432564123186e+00
3.307350864104384947e+00
3.260804293431181389e+00
3.234426542770033830e+00
3.195132039377980959e+00
3.151791980004198024e+00
3.124869984143714419e+00
3.096555627648263531e+00
3.071293579645754779e+00
3.035777045012425290e+00
3.002387602033167013e+00
2.972186528846684439e+00
2.954362498568433804e+00
2.924238526785190473e+00
2.892470480962287205e+00
2.842615353014787516e+00
2.803942196225309047e+00
2.757665480463442620e+00
2.727616342395108084e+00
2.686326273272157117e+00
2.651387999163121734e+00
2.615408856110356783e+00
2.582432132407261438e+00
2.553528176945863315e+00
2.526440639837248980e+00
2.499908686369622934e+00
2.468131569793396984e+00
2.445504575631006539e+00
2.417471412488545468e+00
2.394928322794386055e+00
2.362724880812013595e+00
2.319879177494294176e+00
2.280649303219662194e+00
2.245995623996112744e+00
2.210989319237160800e+00
2.179573898949660915e+00
2.148066637284771652e+00
2.118338377115213333e+00
2.094855330608033306e+00
2.070030946453324194e+00
2.046801881039168602e+00
2.019283483147745972e+00
2.000533102186458745e+00
1.976898120561131122e+00
1.960791864193283995e+00
1.940670665636168746e+00
1.916693829995008924e+00
1.880426690524261701e+00
1.850691060367628538e+00
1.818500090671074432e+00
1.790170427279392129e+00
1.763843699605682547e+00
1.741538150264149820e+00
1.718660576541231499e+00
1.697176497297446129e+00
1.679807705451556110e+00
1.662375985254493038e+00
1.643782641710097359e+00
1.630915211200381298e+00
1.612923938907750987e+00
1.598632967048521980e+00
1.586748579430106387e+00
1.564475061186243021e+00
1.539465010049468230e+00
1.518364737055631686e+00
1.500963347189989694e+00
1.485900794376285639e+00
1.469197569055416874e+00
1.453020447427239237e+00
1.441371049012078798e+00
1.428443808222644273e+00
1.416122890600594930e+00
1.403251208175259279e+00
1.393265159150569144e+00
1.379220514936247977e+00
1.369622524077126036e+00
1.361604828523367505e+00
1.352454989570573529e+00
1.342407996422000149e+00
1.325573528638999576e+00
1.312976661693224356e+00
1.301824879136102453e+00
1.291670170791826555e+00
1.284041383786760360e+00
1.275693881311424915e+00
1.265588069996776754e+00
1.257480375562398889e+00
1.248199435877994645e+00
1.240328147952078020e+00
1.234354631697804461e+00
1.229690847184953473e+00
1.225919398030180352e+00
1.220663605132530805e+00
1.215380033052831932e+00
1.206180871878848482e+00
1.197455090643870568e+00
1.188845670166355006e+00
1.181150624142879746e+00
1.172435260101170496e+00
1.165719005053376112e+00
1.158688462576017209e+00
1.151622133142191640e+00
1.147837077857435162e+00
1.142629615067330962e+00
1.136194907698828471e+00
1.132341821764155210e+00
1.125674251150207361e+00
1.123627520701350857e+00
1.120951294144980626e+00
1.118824840278252353e+00
1.112556949732567357e+00
1.105751085563085212e+00
1.100599925222313313e+00
1.093083211626459050e+00
1.088213138340786923e+00
1.083862294817554250e+00
1.079904895219674810e+00
1.074309870320824700e+00
1.069337042407673799e+00
1.067087282987970953e+00
1.061652307279576490e+00
1.058360615937238958e+00
1.056041975484495188e+00
1.054178148272550963e+00
1.049522619562528236e+00
1.047486377172200278e+00
1.046039468003093553e+00
1.041705419546558931e+00
1.038727253832237185e+00
1.036407373237437923e+00
1.032975085218605038e+00
1.032434967920683233e+00
1.031508156613454741e+00
1.030202818518172414e+00
1.027574833487772565e+00
1.024781820982378466e+00
1.022871187265985693e+00
1.020044726357715703e+00
1.020373665179853617e+00
1.018709713434670316e+00
1.018764368266700027e+00
1.018434791657219396e+00
1.016542077993532800e+00
1.012189019930914702e+00
1.012675031602574105e+00
1.012301810850887662e+00
1.012163942486915325e+00
1.012622059820477372e+00
1.010753927543967645e+00
1.009336152855014213e+00
1.009844779402876647e+00
1.008461702117012138e+00
1.007959860917826411e+00
1.006460626612123210e+00
1.007570376588893923e+00
1.005765987614051449e+00
1.007725695523222775e+00
1.007228885757520231e+00
1.005422481551837111e+00
1.005291354245753555e+00
1.007464561467984687e+00
1.005033989336549416e+00
1.007873042115764228e+00
1.005902283655060181e+00
1.005753457750209190e+00
1.005296345817528136e+00
1.005054695279802068e+00
1.005631241750612359e+00
1.004464994445043224e+00
1.005778862946037577e+00
1.006338835804088117e+00
1.005804117553187771e+00
1.005813941249900978e+00
1.006091958953412746e+00
1.005775297537627511e+00
1.006333746792580586e+00
1.004085630561101894e+00
1.004091977430979998e+00
1.004641260707417771e+00
1.006183220121481980e+00
1.006819827114961319e+00
1.007499799218683822e+00
1.006490471959418986e+00
1.007161171786735476e+00
1.005065657249759381e+00
1.005056752586891200e+00
1.004403228727047459e+00
1.005107350382766995e+00
1.002816765929495757e+00
1.002550230612696991e+00
1.004187855913667438e+00
1.005494471798174860e+00
1.004306397992424049e+00
1.004584699156977345e+00
1.006636220761794265e+00
1.005041505483223130e+00
1.003988892837132774e+00
1.005415727206711907e+00
1.004978698931716208e+00
1.005462346582581823e+00
1.004164543457558345e+00
1.005566109932750862e+00
1.005767225541567722e+00
1.004126308327801143e+00
1.004327751688447012e+00
1.003888796764186075e+00
1.003997983521309534e+00
1.005064858908311098e+00
1.003756478589548529e+00
1.004984905178343713e+00
1.003705010479694071e+00
1.006534384614525379e+00
1.004303277152795548e+00
1.003803765095408140e+00
1.005651030874559648e+00
1.004284638482058956e+00
1.004493012243711458e+00
1.003484813845898271e+00
1.004213589968594667e+00
1.004807171229991525e+00
1.004721976792568583e+00
