4.739497090665494738e+00
4.587841890143582013e+00
4.519126409005679079e+00
4.488119478922890870e+00
4.450239091432588445e+00
4.422859819425988270e+00
4.387442420840045543e+00
4.391642867033525910e+00
4.336044233781629842e+00
4.321629066163092503e+00
4.298049288667868950e+00
4.250336038497371405e+00
4.233286045539286668e+00
4.217744394623405668e+00
4.191949836407983021e+00
4.184522683820418365e+00
4.150079025033873492e+00
4.128007589580853676e+00
4.085182131344589074e+00
4.069716852177680977e+00
4.074547365300184687e+00
4.057535558216585514e+00
4.018853267362072934e+00
4.005984627660225783e+00
3.982691244223648397e+00
3.975359556322299870e+00
3.950920596651136929e+00
3.918959019706193647e+00
3.906854097494070643e+00
3.898357740420892448e+00
3.870501144983215625e+00
3.862711226588031899e+00
3.835713813326294463e+00
3.793804816077698039e+00
3.761890971475863044e+00
3.724764755006662487e+00
3.697519133560764004e+00
3.672956069797520762e+00
3.648450284846007197e+00
3.624622299166623485e+00
3.587152409827046640e+00
3.569863755153423135e+00
3.546723115214790223e+00
3.523744765242724064e+00
3.487630474447407813e+00
3.468594816016040916e+00
3.445568733700866471e+00
3.418132182882537506e+00
3.389874635762755162e+00
3.344285474860551943e+00
3.306238024169372736e+00
3.277297904543149620e+00
3.231513041034204559e+00
3.205231612919082984e+00
3.168406110211461346e+00
3.123136756008079828e+00
3.099404235014911357e+00
3.070822107961996394e+00
3.045266211462112516e+00
3.011748560131856323e+00
2.979419444144984386e+00
2.948083160894752641e+00
2.931897123346917766e+00
2.901973717452675405e+00
2.871288980685864356e+00
2.822859745368750950e+00
2.785504413652633460e+00
2.740309044581069386e+00
2.708698300357967881e+00
2.669765414702139239e+00
2.635040135091258229e+00
2.600577383367469686e+00
2.567085984825923983e+00
2.539434638463609506e+00
2.512683046768876327e+00
2.485258429036324213e+00
2.454475840966142464e+00
2.434048784733184867e+00
2.405402219017074295e+00
2.383299757541035291e+00
2.352772537506480077e+00
2.309535387810910834e+00
2.272732557966264721e+00
2.238523980969524985e+00
2.202213987567467335e+00
2.171887243373963994e+00
2.140528287260756279e+00
2.111028505911595410e+00
2.087516747005299766e+00
2.063014541979518945e+00
2.039690132519921484e+00
2.013510135633903353e+00
1.994227462326954026e+00
1.970912599335978399e+00
1.954906751383375108e+00
1.934878260215367352e+00
1.911821748531462362e+00
1.875149585976074063e+00
1.845704100167197881e+00
1.813846341068514167e+00
1.785283306952842208e+00
1.759399250594092301e+00
1.737385093952802384e+00
1.715517714266568738e+00
1.693362747213111197e+00
1.676549029353409548e+00
1.658924458315165218e+00
1.640134621450803243e+00
1.627906788455177667e+00
1.608471968304572286e+00
1.594143315557917440e+00
1.582490657296740322e+00
1.560318685596050470e+00
1.535711767742577116e+00
1.514758462426856855e+00
1.496835862571333386e+00
1.482395635472664175e+00
1.465289855338572256e+00
1.449856198848973321e+00
1.438710398406171320e+00
1.426768362814903490e+00
1.414702223131555359e+00
1.401634599224378164e+00
1.391472681703884717e+00
1.378391633075208400e+00
1.368583233220856510e+00
1.359907283206735817e+00
1.351041895455906250e+00
1.341164880358337363e+00
1.324861749406316402e+00
1.312563660368179175e+00
1.301162939380467787e+00
1.291114684501999399e+00
1.283962738705165529e+00
1.275485027078514300e+00
1.265635010587515374e+00
1.257550344973641820e+00
1.248784598489049547e+00
1.241628028621477142e+00
1.236515894674638183e+00
1.231690303950017773e+00
1.227428849855502158e+00
1.221513171745158832e+00
1.215894179979944312e+00
1.207093827546599218e+00
1.198762445384287556e+00
1.190562998401597294e+00
1.182935519136552482e+00
1.175321837501937416e+00
1.168065477204555336e+00
1.160982146650938684e+00
1.154314385809503962e+00
1.150144070657609596e+00
1.144943184385304846e+00
1.138308164947970491e+00
1.134095263596209602e+00
1.127171538064859702e+00
1.124789768725569461e+00
1.122148380188844774e+00
1.120104391758828255e+00
1.114139004888045292e+00
1.107739477440340181e+00
1.103657840032125748e+00
1.095459064285510209e+00
1.090434675810024734e+00
1.086288114957004947e+00
1.082481758921307158e+00
1.076422026091100381e+00
1.070891600196886673e+00
1.068800998150553738e+00
1.063735365947351852e+00
1.059897051616307539e+00
1.056765325126829858e+00
1.055375717288105974e+00
1.050966628547993720e+00
1.048653287997455719e+00
1.047108867016222300e+00
1.042522534661429523e+00
1.039499529770647968e+00
1.036805430556593022e+00
1.032823751387206723e+00
1.032520259454095424e+00
1.032345253292998200e+00
1.031070314950411904e+00
1.028381436461384357e+00
1.025762105487900477e+00
1.022994487278191755e+00
1.020775231650826287e+00
1.021208794218906091e+00
1.019599114174830401e+00
1.019408352611418156e+00
1.018954485152070877e+00
1.017423115983405957e+00
1.013208424668778918e+00
1.013249230228502107e+00
1.013450153560271128e+00
1.013614373330552709e+00
1.013411454936005374e+00
1.011398837469769330e+00
1.010109719265099848e+00
1.010582325398205805e+00
1.009143083380828365e+00
1.008602076427139949e+00
1.006770235887701093e+00
1.008476490022061078e+00
1.006676738296094165e+00
1.008834771599790070e+00
1.007748012426271877e+00
1.005753206022830470e+00
1.004843014566556114e+00
1.006435051356856514e+00
1.004573098421277511e+00
1.006781176103450637e+00
1.005693563900754040e+00
1.005257101965739253e+00
1.004739210704381769e+00
1.005225488611153573e+00
1.006156824003788586e+00
1.005364760773982846e+00
1.007265104683960022e+00
1.007162517437171445e+00
1.006089136371536075e+00
1.006109152258382267e+00
1.006669452587864111e+00
1.006252256060472750e+00
1.006526698387895546e+00
1.004903528363258136e+00
1.004818153194293906e+00
1.004783423719457502e+00
1.005908534245799846e+00
1.006460966196847551e+00
1.006934961415720142e+00
1.006314604102976240e+00
1.005638289474526159e+00
1.004632649646802323e+00
1.004483173763361270e+00
1.003589784185088263e+00
1.004953411924758733e+00
1.002732384979973190e+00
1.002052632597319803e+00
1.004705745623887925e+00
1.005823098479134758e+00
1.004850400494061713e+00
1.005093323859472143e+00
1.006657446085641450e+00
1.005525078984579102e+00
1.004442185245193908e+00
1.005804355144014117e+00
1.005675355456880471e+00
1.005620921241086929e+00
1.004784455045718783e+00
1.006028059715417200e+00
1.005850594686059196e+00
1.004104988171464985e+00
1.004347268268970250e+00
1.003945399463964216e+00
1.003864325566446114e+00
1.006036778209679294e+00
1.004493904800507487e+00
1.005814060681601285e+00
1.004292731503220626e+00
1.006341045094161668e+00
1.004943626561353387e+00
1.005189444049666925e+00
1.006072413736682547e+00
1.004896224009581118e+00
1.004637023169353327e+00
1.004075880298756385e+00
1.005060590030084189e+00
1.004901481442831646e+00
1.004615217902310675e+00
