4.603312837398522817e+00
4.466024126697745622e+00
4.400110230807206868e+00
4.370165856214318190e+00
4.338911667120394000e+00
4.310881636798247207e+00
4.274630001608067609e+00
4.276242080993957195e+00
4.228040907355874012e+00
4.212444039297397858e+00
4.187053788969644863e+00
4.143950816389436298e+00
4.130006329701496171e+00
4.115558068205465325e+00
4.088616191468793737e+00
4.084384483080835793e+00
4.049825531245838661e+00
4.026087662288622582e+00
3.988788175497614663e+00
3.968657334166324713e+00
3.976193805295356043e+00
3.966239215087491221e+00
3.916808830917668516e+00
3.904355517661675545e+00
3.884103770376444054e+00
3.882753653890762102e+00
3.856456608908446437e+00
3.828587786524889403e+00
3.817565193723873040e+00
3.810069024579489039e+00
3.781897937311077484e+00
3.775973545567935741e+00
3.748497667534688826e+00
3.708296437849080807e+00
3.676770210358788038e+00
3.644286810733122994e+00
3.613617000416583736e+00
3.591219172448887775e+00
3.570695386767287705e+00
3.546574648955923337e+00
3.511763809716881291e+00
3.494554862272515550e+00
3.475633080480642789e+00
3.452721402208694279e+00
3.415885388241129306e+00
3.397789797134525003e+00
3.375573328097741133e+00
3.351059645936065756e+00
3.321860858059150434e+00
3.277558901435686511e+00
3.243292138989382067e+00
3.214934655041977507e+00
3.169922375939106640e+00
3.144834390496208165e+00
3.110789288965464472e+00
3.065253084062179223e+00
3.046784699597587576e+00
3.016402040921659644e+00
2.993560891122844403e+00
2.961510737832137252e+00
2.930543700378824834e+00
2.900040135748954917e+00
2.881914318153865118e+00
2.857178975076630323e+00
2.824126309917823541e+00
2.778519576541405911e+00
2.739880048760877429e+00
2.697774550300687579e+00
2.666910786683033940e+00
2.630326660119513882e+00
2.597022107556662185e+00
2.562997157018241268e+00
2.531833647389773567e+00
2.504445929947943128e+00
2.478934773666248592e+00
2.450340515559041421e+00
2.420962887625253579e+00
2.401512142284885964e+00
2.372469524598478152e+00
2.351918031302433931e+00
2.322918234474713461e+00
2.280810217140483154e+00
2.245845726584974056e+00
2.210800632060170301e+00
2.176674926560131063e+00
2.146765816203808797e+00
2.118240827132713999e+00
2.088491665277959264e+00
2.065694595774851816e+00
2.041806853812228706e+00
2.018191150245974175e+00
1.992361356398162808e+00
1.972147392223538187e+00
1.950804972478791477e+00
1.933379401866946790e+00
1.914379534979820052e+00
1.891167480978548143e+00
1.856011555995964457e+00
1.826668562580233024e+00
1.796189556972257906e+00
1.767852853735687013e+00
1.742954413564332672e+00
1.722083652983660285e+00
1.700784054097601139e+00
1.679403221523737333e+00
1.662415934994931455e+00
1.644766184593486891e+00
1.625946417200252458e+00
1.613983024945127243e+00
1.595042351597951047e+00
1.581178468879305132e+00
1.569028050226676463e+00
1.547097788252739248e+00
1.523139832676238647e+00
1.501804339835102642e+00
1.484344134705202212e+00
1.469111873664080914e+00
1.453279805742077047e+00
1.439186705485750117e+00
1.428800443239202744e+00
1.417662297091580648e+00
1.406814451177120562e+00
1.393436711148281937e+00
1.383558631739395750e+00
1.370904438278676585e+00
1.360746448992045110e+00
1.352596632034163804e+00
1.343921629838848331e+00
1.334489863424004774e+00
1.318603954569386394e+00
1.306942354910233028e+00
1.295331919880025939e+00
1.284941564463163211e+00
1.278351087965948762e+00
1.269470640106709070e+00
1.260045643165849105e+00
1.252342926350147767e+00
1.243625260725772286e+00
1.236941113600178888e+00
1.231969485962837174e+00
1.227207554589363481e+00
1.223290233167578567e+00
1.217459669482443108e+00
1.211882410068000571e+00
1.203078394292925513e+00
1.194920627138853941e+00
1.187409895753923639e+00
1.180186001150349773e+00
1.172676686632066811e+00
1.165853529145365997e+00
1.159589876554900423e+00
1.152975943043184515e+00
1.148865534183236337e+00
1.143658785397181354e+00
1.136587518817495868e+00
1.132755445539017636e+00
1.125478182291711482e+00
1.123670654023246174e+00
1.120963336718643122e+00
1.119031360329616698e+00
1.112820486021780075e+00
1.106848314386683185e+00
1.102524430951806522e+00
1.094227181147744865e+00
1.088956712719947983e+00
1.084957842751103296e+00
1.081069488380783650e+00
1.075604751792616831e+00
1.070796024462360219e+00
1.068128772997963383e+00
1.063061506861898708e+00
1.058415128835030306e+00
1.055256618217931486e+00
1.054334198672836731e+00
1.050154481419369290e+00
1.047959518837557003e+00
1.045846281911135156e+00
1.041404877259308970e+00
1.038308256164532040e+00
1.035106216255421430e+00
1.031610491376157457e+00
1.031484705103762334e+00
1.031414924421360180e+00
1.029971648953588392e+00
1.026776693377716931e+00
1.024266163107524052e+00
1.021808155296815679e+00
1.018937032464769521e+00
1.019750589422428577e+00
1.017954081227890217e+00
1.018136443772678090e+00
1.017354667921076539e+00
1.015423232696394562e+00
1.012066036050003559e+00
1.012293748166871454e+00
1.013106390064820284e+00
1.013573227946551913e+00
1.013353279078191616e+00
1.012068909140706019e+00
1.010707329810269339e+00
1.010593350759938946e+00
1.010087785189835330e+00
1.009307967369226011e+00
1.007028268290396822e+00
1.008849266631367314e+00
1.006816112188599011e+00
1.008124194963730957e+00
1.006629499043867781e+00
1.004698127774972027e+00
1.003364142906435941e+00
1.005860460233068299e+00
1.004442043887418201e+00
1.005992686361164345e+00
1.005246799544963210e+00
1.004475379611047270e+00
1.004098458645013459e+00
1.005148509340951124e+00
1.005411200353185430e+00
1.004658224284069590e+00
1.007164602347836002e+00
1.007956802992585832e+00
1.006731547880236999e+00
1.006610199155468122e+00
1.006699850408669494e+00
1.005263993812094636e+00
1.006361772743390448e+00
1.004908849791256609e+00
1.004827328302414280e+00
1.004478641356142621e+00
1.004791060451972307e+00
1.005134554680373604e+00
1.005961884270603068e+00
1.005878180905516839e+00
1.005818571652956184e+00
1.005065871085688567e+00
1.004361671142889101e+00
1.004496069307877493e+00
1.004185401616654039e+00
1.002844265999254914e+00
1.002144611836950361e+00
1.003157399678003436e+00
1.004676182330878520e+00
1.003818553686944393e+00
1.004378316866162413e+00
1.005997934425388207e+00
1.005322797467733453e+00
1.004109575882539129e+00
1.005390561083032708e+00
1.005449454522755692e+00
1.005641730214402285e+00
1.005135500488057554e+00
1.005471300343413255e+00
1.005964309670802415e+00
1.004617361456374258e+00
1.004685437471090736e+00
1.003923227170385069e+00
1.003747784764653872e+00
1.005601502024892957e+00
1.003511869088289155e+00
1.005264707165094418e+00
1.004123836792938818e+00
1.006646332944742817e+00
1.004712348713005632e+00
1.004674448760097150e+00
1.005753742624307501e+00
1.004698489371147918e+00
1.004313177282974978e+00
1.003176324441118705e+00
1.005066658233826127e+00
1.004904778144522837e+00
1.004412529522013653e+00
