4.429400613455610980e+00
4.299834690843584717e+00
4.233380803806498172e+00
4.203857568277850731e+00
4.171545908917729584e+00
4.149387518012666476e+00
4.121056280457778165e+00
4.120822137998646717e+00
4.068289084440821490e+00
4.064180948566972873e+00
4.032529145228040512e+00
3.992618498785202696e+00
3.983146372029436666e+00
3.968395397104163447e+00
3.936296594525071857e+00
3.934402169173917940e+00
3.904325506014596492e+00
3.884125397494995191e+00
3.847216031664659752e+00
3.826356067123870108e+00
3.831932914786816191e+00
3.830932487915982065e+00
3.777675721302660605e+00
3.764478600878895520e+00
3.749408340782080629e+00
3.745236347873922345e+00
3.720183104746872527e+00
3.695896146031524943e+00
3.687381874790386149e+00
3.679570030926641255e+00
3.647747942162885781e+00
3.643192807048876602e+00
3.621130201695276440e+00
3.578590774006737973e+00
3.553910030246488105e+00
3.522534940722892305e+00
3.492564705954084303e+00
3.474205808590379529e+00
3.451919703616699309e+00
3.428367100795899791e+00
3.397300653604795606e+00
3.382624178552883443e+00
3.364073710086252333e+00
3.340861678115098599e+00
3.308581947272132062e+00
3.290478478045661515e+00
3.269267299816174699e+00
3.246555481280437583e+00
3.220086740559548133e+00
3.176137136696696395e+00
3.144272476576734920e+00
3.117457843586674215e+00
3.073375204235679448e+00
3.053632737795289653e+00
3.018303833564090155e+00
2.974226515632620860e+00
2.960816538427827993e+00
2.931240088703922719e+00
2.910635552300367745e+00
2.881607208787611007e+00
2.850077798097769843e+00
2.823066272585257774e+00
2.804191197527558632e+00
2.783336554406294461e+00
2.752054589724399314e+00
2.707732486494747626e+00
2.672193386192282638e+00
2.633839254960716136e+00
2.602727575703643215e+00
2.568188902272012353e+00
2.538221328212967531e+00
2.504579313971418753e+00
2.475878237759493228e+00
2.449829889181134757e+00
2.424869770895784704e+00
2.398624529794974869e+00
2.369936757131863914e+00
2.350471004506810679e+00
2.322435105735599414e+00
2.303405709511654464e+00
2.274997311373643250e+00
2.235239655742170761e+00
2.201871694606196250e+00
2.169764909897815564e+00
2.136315797114073600e+00
2.108930441879880213e+00
2.081157953375191383e+00
2.053598321651531222e+00
2.030834619275418085e+00
2.008553835721263781e+00
1.985528053433510021e+00
1.960786113348713666e+00
1.941022361230220650e+00
1.920365940986289877e+00
1.903812335196682470e+00
1.884741697971413554e+00
1.863183297117874559e+00
1.828922667856462070e+00
1.800121815028429495e+00
1.770692369518922060e+00
1.743191273410044539e+00
1.718581038458510069e+00
1.699394660358556797e+00
1.678796775729408441e+00
1.658319288217029897e+00
1.642665667504708438e+00
1.625226045364069893e+00
1.607387981936443833e+00
1.595938947826875509e+00
1.576470534492059539e+00
1.562044166157855685e+00
1.550605774887338306e+00
1.529200364845163751e+00
1.506809827013291470e+00
1.485774920805594146e+00
1.468444720353953237e+00
1.453144974040091686e+00
1.438383356275767744e+00
1.424816397194966111e+00
1.414632530577635494e+00
1.403749895058834740e+00
1.392893534048942561e+00
1.380521898829103700e+00
1.370680598593740918e+00
1.359026024654991671e+00
1.348451033702521507e+00
1.340541741343712179e+00
1.332760163053519964e+00
1.323862915900890336e+00
1.308964437878139542e+00
1.297732916791684676e+00
1.286584875474039436e+00
1.277105930649505172e+00
1.271227092428475203e+00
1.263488251788849048e+00
1.254025770105972715e+00
1.246586591903388275e+00
1.238086123094144453e+00
1.231912112383797719e+00
1.226835478156268922e+00
1.222174579829186314e+00
1.218215942585137324e+00
1.213072956907897293e+00
1.207667059847215008e+00
1.198288224227508358e+00
1.190355068628013546e+00
1.182821352081667499e+00
1.175669447386291200e+00
1.167943993442659423e+00
1.161541743722967812e+00
1.155022755362430598e+00
1.149053453009463599e+00
1.145421501035985390e+00
1.140206426753608060e+00
1.133451383548797597e+00
1.129929518441757486e+00
1.123063640045888212e+00
1.121603242974800851e+00
1.119021356738669759e+00
1.117806160701665386e+00
1.111968230893239262e+00
1.106393004600305208e+00
1.101884473480736260e+00
1.093510305238047930e+00
1.088861047516177960e+00
1.084248332979957041e+00
1.080265998789582627e+00
1.074618725465101177e+00
1.071122012380038235e+00
1.068691412438079302e+00
1.063744612532260048e+00
1.058483932021603513e+00
1.054804503008294425e+00
1.054193579102588707e+00
1.050878085296529818e+00
1.048548883340689963e+00
1.046759971761070052e+00
1.042128071013043389e+00
1.038785720667815937e+00
1.035182766273393895e+00
1.030329818747099946e+00
1.030142342642793807e+00
1.030060899979896583e+00
1.028740398039309056e+00
1.025144947677889995e+00
1.023291700967675855e+00
1.020752115859415277e+00
1.018301352726284525e+00
1.017961239186129685e+00
1.015675959728171929e+00
1.016378262384795672e+00
1.015706059007364104e+00
1.014336136461611249e+00
1.011869055694388120e+00
1.012303354202789496e+00
1.012849714323155847e+00
1.013769883378408343e+00
1.013374289882338797e+00
1.011864919122178907e+00
1.011107843260671046e+00
1.010867631057393412e+00
1.009773310233443855e+00
1.008945787923605675e+00
1.007646405366760867e+00
1.008630556177092519e+00
1.006964338655091273e+00
1.009015382113340520e+00
1.008278760458134471e+00
1.006173073712470778e+00
1.004196769175724757e+00
1.006371873423365537e+00
1.004986293224261917e+00
1.005861931767878081e+00
1.005796926263144542e+00
1.005695221671799366e+00
1.005097419430451389e+00
1.005925414639876392e+00
1.006236437060397559e+00
1.005162222263933369e+00
1.007801989330804338e+00
1.007800565435345241e+00
1.006185093676692510e+00
1.006128647134809428e+00
1.007146025636983966e+00
1.006173484251672523e+00
1.006621855420303913e+00
1.004886532198251192e+00
1.004914903575107266e+00
1.005154047856790855e+00
1.004916259913482435e+00
1.005863301098000262e+00
1.006876296184774366e+00
1.006484940596540145e+00
1.006224960151196113e+00
1.005615688795694407e+00
1.004818307338638528e+00
1.003805078400420436e+00
1.003928390865191700e+00
1.003569441890396874e+00
1.003516861692387963e+00
1.004132647109779564e+00
1.005348297857925122e+00
1.004185515724569377e+00
1.004977570565400935e+00
1.005157440001903435e+00
1.005479609341255465e+00
1.004148643847723843e+00
1.005165523466817756e+00
1.005373205635060385e+00
1.005347892515422004e+00
1.005434474713388759e+00
1.005655104456580906e+00
1.006487757207265465e+00
1.005096411270892665e+00
1.005168034771491525e+00
1.003992245301150721e+00
1.004759682730389514e+00
1.006318696254587142e+00
1.004023222172845564e+00
1.005637238206259276e+00
1.004473985122078972e+00
1.006351743361148410e+00
1.004554476789103923e+00
1.005333923139579699e+00
1.005568155241764572e+00
1.004433148164082912e+00
1.004626831725052849e+00
1.003849012590874779e+00
1.004621064039021405e+00
1.005181496819617770e+00
1.004539433645381230e+00
