4.232647134641761788e+00
4.112286108924150696e+00
4.054465837609254386e+00
4.029463087474257854e+00
3.996080915207298911e+00
3.974624173899035551e+00
3.945330075502387235e+00
3.954974316069364004e+00
3.899638509537529885e+00
3.893585449884251481e+00
3.867701844053442084e+00
3.828515058611511090e+00
3.813472753652244585e+00
3.806448494129224258e+00
3.771236852340191792e+00
3.769836517644283624e+00
3.738464503247256321e+00
3.727600616332230832e+00
3.688391244846816353e+00
3.676465813888118994e+00
3.677956492757955775e+00
3.677640288149202963e+00
3.620520184182260071e+00
3.616251421964089996e+00
3.605455293179511411e+00
3.596827424569242204e+00
3.574760860086955372e+00
3.546144342994778320e+00
3.547363989342826596e+00
3.536070967601635751e+00
3.504292404421925244e+00
3.501627251291004495e+00
3.480893263374178037e+00
3.441525789584387152e+00
3.414704862949059283e+00
3.389600475618392394e+00
3.358454321656188402e+00
3.344993039740689067e+00
3.320103219823104634e+00
3.302632915189482876e+00
3.273790537662481626e+00
3.255597479637423852e+00
3.235089352155421150e+00
3.216749484847727381e+00
3.185625916929005985e+00
3.169567240013032805e+00
3.150775651835691082e+00
3.126563413222577914e+00
3.105078439359963305e+00
3.062227068363014837e+00
3.035694113782087200e+00
3.010663131092738087e+00
2.966829267204306397e+00
2.949257325375013838e+00
2.914785376510029113e+00
2.877693446601087945e+00
2.863526350826763878e+00
2.835163926723763606e+00
2.817942068568447755e+00
2.787168584323703513e+00
2.759935462394821570e+00
2.732764452085516993e+00
2.714565747549587904e+00
2.696914754568107142e+00
2.667411735269246353e+00
2.625463806011593348e+00
2.594594331082048733e+00
2.556531201303365197e+00
2.526935014575139693e+00
2.496703595373972018e+00
2.467655120200194396e+00
2.436308515102084460e+00
2.409515821021109172e+00
2.385103131272090060e+00
2.361387785615590040e+00
2.335139979833627422e+00
2.308914760095147400e+00
2.290337739330888578e+00
2.264665877657726867e+00
2.245806531349938240e+00
2.220546864970329715e+00
2.183735848977200966e+00
2.151981283468690442e+00
2.121776685194157963e+00
2.089566163932847331e+00
2.064951611420204003e+00
2.037285119782004550e+00
2.010458546635806254e+00
1.988030605457801414e+00
1.967746926782905081e+00
1.947058110953043597e+00
1.922583309584448230e+00
1.904168626007718856e+00
1.885091889031412338e+00
1.868592784267532725e+00
1.850746986661016003e+00
1.830079345246919953e+00
1.796884213652548468e+00
1.769099145286066488e+00
1.739945503847323938e+00
1.713493012046302111e+00
1.690664874410344076e+00
1.672409704765708938e+00
1.651468207574388725e+00
1.631357453294904225e+00
1.616132342546202860e+00
1.599712288934511673e+00
1.582287156387854221e+00
1.571030836967322486e+00
1.550960314077791224e+00
1.536992963625514852e+00
1.525956152315077308e+00
1.504638103430073981e+00
1.483215947000894097e+00
1.463168010154845433e+00
1.446878179200107084e+00
1.432309475340112215e+00
1.418351653374930077e+00
1.405260923735313527e+00
1.395235543684571367e+00
1.385254277000005807e+00
1.374917985944451360e+00
1.363116072411048485e+00
1.353361724882094830e+00
1.342883212333987775e+00
1.333029697957869519e+00
1.326209065733119585e+00
1.318981178911827978e+00
1.310104158009393505e+00
1.296074343030610976e+00
1.285947149330733508e+00
1.274947393247884309e+00
1.266144482800626303e+00
1.260233644639900952e+00
1.252409698014832262e+00
1.243082367870467664e+00
1.236409956556070888e+00
1.228805165134167376e+00
1.221828018686223150e+00
1.216659873158446148e+00
1.211776347069239979e+00
1.208078588262858855e+00
1.203531735384312018e+00
1.198445993624552619e+00
1.190299842972930344e+00
1.183120921988094931e+00
1.175961146204180130e+00
1.169755189623734148e+00
1.162848006974545934e+00
1.155948941184734347e+00
1.149261178418908180e+00
1.143402129350074237e+00
1.140242024250652797e+00
1.136135158086350572e+00
1.129590410853668736e+00
1.126232501420311394e+00
1.119034258781090641e+00
1.117664009400915592e+00
1.115242362051288794e+00
1.115060173848979819e+00
1.109316657686162166e+00
1.103188075949989688e+00
1.098682072048522418e+00
1.090956939363688871e+00
1.086985677687013485e+00
1.082639805304766778e+00
1.078952854273099060e+00
1.073189972342529774e+00
1.069899424019324252e+00
1.066950401377057434e+00
1.062189907466117411e+00
1.057486319797545260e+00
1.054043051000636666e+00
1.052917189669079212e+00
1.049654741560128279e+00
1.047420664243484234e+00
1.045794623509534116e+00
1.041394469630207542e+00
1.037535586753866479e+00
1.034531135666998836e+00
1.029771303456551657e+00
1.030235111388531521e+00
1.029986223776563570e+00
1.028062682501119429e+00
1.025533420594705092e+00
1.023166937009482247e+00
1.020831421007315276e+00
1.019047586762551916e+00
1.018511918157070539e+00
1.016095454127969866e+00
1.015656614361245769e+00
1.015702690772216865e+00
1.014216721004219224e+00
1.012070076379337102e+00
1.011736491104310076e+00
1.012559856055653462e+00
1.013968958283088639e+00
1.014122219145527470e+00
1.012371006735051759e+00
1.011404284371976381e+00
1.011084087503584028e+00
1.008876897283624618e+00
1.008251678544804797e+00
1.007202375960246643e+00
1.008412648217982710e+00
1.006441188798529396e+00
1.007965570280125345e+00
1.007290062303864087e+00
1.005870852601403742e+00
1.004807461310523120e+00
1.006845079750899874e+00
1.005036674361176274e+00
1.004975913713438862e+00
1.005383592901130108e+00
1.005691741306385500e+00
1.004772275386826674e+00
1.006012958296370385e+00
1.006517995683213318e+00
1.005274202781353710e+00
1.008009909727303199e+00
1.008260567388089113e+00
1.006346824794106976e+00
1.005809430253173709e+00
1.007659147810321620e+00
1.006292008422461581e+00
1.007058056325714768e+00
1.005885068133653970e+00
1.005486694109140711e+00
1.004628234217918692e+00
1.004691280489441008e+00
1.006679820052861274e+00
1.007054896705862346e+00
1.006563322166959651e+00
1.005867577183964912e+00
1.005145162914031332e+00
1.004743998719107356e+00
1.004034311155315606e+00
1.003854620872366432e+00
1.004329153866498014e+00
1.004286559654369082e+00
1.004655872620370927e+00
1.005379105744664159e+00
1.004708561900640618e+00
1.005320763060810307e+00
1.005437477377914668e+00
1.005730230218374377e+00
1.004324131835467426e+00
1.004947410964718291e+00
1.005412729779489700e+00
1.005739073569750230e+00
1.005635131450696829e+00
1.005693057814657232e+00
1.006260561106548712e+00
1.004929041883333651e+00
1.005279246869067666e+00
1.005006994336995696e+00
1.005054167378679253e+00
1.006298591653092434e+00
1.004165176902434897e+00
1.005790933656590003e+00
1.004787797088278367e+00
1.006448464746863003e+00
1.004157144134162793e+00
1.004970835162157794e+00
1.006267355254211182e+00
1.005290434432292823e+00
1.005332504108926717e+00
1.004243877904779314e+00
1.005051335851987915e+00
1.005323345071274632e+00
1.005149390904470863e+00
