4.016781563421801593e+00
3.905866089409751218e+00
3.851120432160713758e+00
3.835189156241681552e+00
3.805112838370296569e+00
3.783364232911132774e+00
3.753263776742900681e+00
3.762388052951074258e+00
3.710201055167820172e+00
3.708680342466458058e+00
3.682562705277983905e+00
3.644617302634470590e+00
3.631341239368610641e+00
3.630158462823106724e+00
3.592671687819687154e+00
3.587506092294425297e+00
3.565274720898321092e+00
3.550767604493263008e+00
3.518784361170963493e+00
3.504494489437528948e+00
3.507197978684394535e+00
3.510070436009189887e+00
3.459017938177745499e+00
3.451921278904722445e+00
3.444390130288452756e+00
3.433165822254589106e+00
3.409775812609828094e+00
3.384527154107846769e+00
3.383778866905589489e+00
3.375620122571297177e+00
3.347305900369744514e+00
3.349285240711199929e+00
3.322250348242539175e+00
3.286417046573140155e+00
3.261204595516429272e+00
3.240349107040605858e+00
3.209500363670115597e+00
3.195367390866186597e+00
3.175248120444196687e+00
3.161428945499278775e+00
3.132306090353351280e+00
3.121540409959580931e+00
3.101300448053355474e+00
3.081760496755694412e+00
3.052529019273954702e+00
3.036573605058075831e+00
3.019169893031375285e+00
2.998495441781904525e+00
2.978213237856197182e+00
2.939531617158849919e+00
2.914204509192115378e+00
2.888913608670652167e+00
2.852108740553160438e+00
2.835338658818694402e+00
2.804013184085476063e+00
2.768523853146147573e+00
2.755881420172521246e+00
2.726649942690782424e+00
2.713621296967604124e+00
2.687491590630706639e+00
2.662659317749336285e+00
2.636342539611874258e+00
2.617689670723340356e+00
2.603031689962988615e+00
2.575121784233623590e+00
2.535438424217125508e+00
2.507646192684889641e+00
2.473206877658405745e+00
2.445834049033886792e+00
2.417006888024335165e+00
2.391788402393412838e+00
2.360342236175959396e+00
2.335576343610918038e+00
2.314331625098436263e+00
2.291653695210662534e+00
2.268366273327501403e+00
2.244650396675305970e+00
2.225578124879055153e+00
2.201264825379896095e+00
2.184663711723358936e+00
2.160403214748552791e+00
2.126755937587361700e+00
2.096729404953223685e+00
2.067360640908167291e+00
2.036152840372077666e+00
2.012710028202964185e+00
1.987734434184064813e+00
1.960830793704509523e+00
1.938976583196640568e+00
1.920863808700058906e+00
1.901286141313573985e+00
1.877933847757636610e+00
1.860561817245547811e+00
1.842041708989672788e+00
1.826618845947981074e+00
1.810352651160196391e+00
1.791540620376828041e+00
1.759383883045940511e+00
1.732704276133997023e+00
1.704912798923537531e+00
1.679311117830168731e+00
1.657448609782758098e+00
1.639820864188446414e+00
1.619700085122903532e+00
1.600426409412335937e+00
1.585942676982348143e+00
1.569914847875927943e+00
1.552616740897933445e+00
1.542129405239680340e+00
1.521955069328008170e+00
1.508632238112006974e+00
1.498199213621659753e+00
1.477949822693228832e+00
1.457480169806069092e+00
1.438943089310223300e+00
1.423589623871966747e+00
1.408970867843990948e+00
1.396223961304324135e+00
1.384069951680962252e+00
1.374800091369930533e+00
1.365606794719210981e+00
1.356068773016644302e+00
1.344617791288951647e+00
1.334680356205744767e+00
1.324493994936303043e+00
1.314064364893949843e+00
1.307551927836801742e+00
1.301535834508570799e+00
1.293384444811599199e+00
1.279501152515681195e+00
1.269229364305054286e+00
1.259728681530423167e+00
1.251572954483236799e+00
1.245342256609600184e+00
1.238239374181920649e+00
1.228568969007584055e+00
1.222129512582309507e+00
1.215399076531761935e+00
1.208891353985717121e+00
1.204339776386500915e+00
1.200608900880083763e+00
1.197581053269335616e+00
1.193609737696668782e+00
1.188780381103268224e+00
1.180227032189660408e+00
1.172920294301890376e+00
1.165483907358789484e+00
1.159418217373755500e+00
1.153731856952063595e+00
1.147321347624961074e+00
1.140556118482473735e+00
1.134883807303868730e+00
1.131418641643212819e+00
1.127752826390015839e+00
1.121650363218379187e+00
1.119243416719887474e+00
1.112677234236165935e+00
1.110891000269486728e+00
1.108404944274687942e+00
1.108202974619038272e+00
1.103166556697996681e+00
1.097931233553522290e+00
1.094125255885235237e+00
1.086337260704077767e+00
1.082816275231963221e+00
1.078974184408627579e+00
1.075102675036009758e+00
1.069928216229874440e+00
1.065993390973144272e+00
1.063377874503458775e+00
1.058729272265744648e+00
1.054779124847929683e+00
1.051390852863362646e+00
1.050604236685838355e+00
1.046593272074795689e+00
1.044492768797994797e+00
1.043235950855619265e+00
1.038778333462684778e+00
1.035923013385748881e+00
1.032530521913744614e+00
1.028188716486053700e+00
1.028170777771307165e+00
1.028594706609682774e+00
1.027336804329753495e+00
1.025328234019459828e+00
1.022495119289818621e+00
1.019692248148902802e+00
1.018314526569292777e+00
1.017896396579573315e+00
1.015314046695497074e+00
1.014520052308096831e+00
1.013956102489963929e+00
1.013209653947036326e+00
1.011166149109469892e+00
1.010455330484202996e+00
1.012120260080203948e+00
1.013569889740411512e+00
1.013644697245337456e+00
1.011361494877019762e+00
1.010323324173320936e+00
1.010119256560230383e+00
1.007565771270381827e+00
1.007671729907420488e+00
1.006288209479153428e+00
1.006669566282269779e+00
1.004629774122197006e+00
1.005987317594286612e+00
1.006513563109873832e+00
1.005308734438685736e+00
1.004395969730324634e+00
1.006020861340783723e+00
1.005027655286728772e+00
1.003751578566497882e+00
1.004605576893961238e+00
1.004741301775475826e+00
1.005139654391117965e+00
1.006118610835364358e+00
1.005891607125758203e+00
1.005476989446810521e+00
1.007576272843863752e+00
1.008558906606770389e+00
1.007317216351896416e+00
1.006167211551696639e+00
1.007235018850816566e+00
1.006021736471907513e+00
1.006108728041464673e+00
1.005749676769004397e+00
1.005630874035779998e+00
1.004535363090791389e+00
1.004333570229307915e+00
1.005894320916211671e+00
1.006207856530542788e+00
1.005934235145836908e+00
1.006190292030114897e+00
1.005609549712747519e+00
1.004854785950862084e+00
1.004007770992970450e+00
1.003714363394479392e+00
1.004174974075805249e+00
1.004154910884492935e+00
1.004540248502921784e+00
1.004800636844275452e+00
1.004848586368761731e+00
1.005621431754011530e+00
1.005682981169744972e+00
1.005204371368998650e+00
1.004431091364756723e+00
1.004110766854437342e+00
1.005198492962967372e+00
1.005997925244268121e+00
1.005812584553249067e+00
1.005757601567511372e+00
1.005902366524065839e+00
1.004557982431092178e+00
1.005759905784813002e+00
1.004941916009183256e+00
1.005465260627157242e+00
1.006259260171054493e+00
1.003498896240870408e+00
1.005353976065857413e+00
1.004930803759185309e+00
1.005749884502149749e+00
1.004831251700750272e+00
1.005158522748522687e+00
1.006137387112474135e+00
1.005317924788767137e+00
1.005102265371502268e+00
1.005056469789276097e+00
1.004845206653614875e+00
1.004950844851226766e+00
1.005048986976184944e+00
