3.809932045065576478e+00
3.711609544379218306e+00
3.658167763003520090e+00
3.644729489822640112e+00
3.617671345174652942e+00
3.593311232207769379e+00
3.566875710255421161e+00
3.581844597563080601e+00
3.526768431611329024e+00
3.532449863709036908e+00
3.505469546898004385e+00
3.470447020268299099e+00
3.455971042594687681e+00
3.460562884975026510e+00
3.423594662421448831e+00
3.411842659041258941e+00
3.396510575161143297e+00
3.375704600081866680e+00
3.354742969328679880e+00
3.340837729126071132e+00
3.340474532553614928e+00
3.346596989060733662e+00
3.302650203793533024e+00
3.290249635105385817e+00
3.284153121210585002e+00
3.279172139645471162e+00
3.252555019406895287e+00
3.231230192081252728e+00
3.226249210516138444e+00
3.219530073925699121e+00
3.195896354103727521e+00
3.200669794770294896e+00
3.172470175180302387e+00
3.141520638684569988e+00
3.116784357839070818e+00
3.099454692810446055e+00
3.073096998695053372e+00
3.059139873267807452e+00
3.034779760300923890e+00
3.025310706804743788e+00
2.997098115908592764e+00
2.988770537354418444e+00
2.972245093307661179e+00
2.957341062530796982e+00
2.925068452806831587e+00
2.911798806606021195e+00
2.893418465778505588e+00
2.877230275691886163e+00
2.856184331448665237e+00
2.821557429656813998e+00
2.798987356939892646e+00
2.775684405424978962e+00
2.740272739610499553e+00
2.725349251874397360e+00
2.697409058407588045e+00
2.663631777169160664e+00
2.653125019180249566e+00
2.622973218013304741e+00
2.613192853169305607e+00
2.589760188592800993e+00
2.567533855489097405e+00
2.541137247455226955e+00
2.526109989269850864e+00
2.509532659998457760e+00
2.484147813845000385e+00
2.448953417408686661e+00
2.424758688595331613e+00
2.391244076306627608e+00
2.367350930361473260e+00
2.340156586998814792e+00
2.318825274020092309e+00
2.286439165367234683e+00
2.263882063956472290e+00
2.246088674732658053e+00
2.224371465395701186e+00
2.201853277903416117e+00
2.179075664287948744e+00
2.162112438658319924e+00
2.138695988214514010e+00
2.125260957860175104e+00
2.101353219195591038e+00
2.069524876707576233e+00
2.041051238274972146e+00
2.013837437953075238e+00
1.983593216229746492e+00
1.961918163637806689e+00
1.938571433964606516e+00
1.913794617787359709e+00
1.892275220869329644e+00
1.875453058194181954e+00
1.856240932359210616e+00
1.834629114884796408e+00
1.817090287544355753e+00
1.800010320159294519e+00
1.784002106945633548e+00
1.768742986662663164e+00
1.750305896370701220e+00
1.719493369296275276e+00
1.694054205798277035e+00
1.668072679561499294e+00
1.642705668954011378e+00
1.622159930704552444e+00
1.605395328200485805e+00
1.585104151834400454e+00
1.566357371607888460e+00
1.552616704852173957e+00
1.538003717757256306e+00
1.521101295125248720e+00
1.511503339274112623e+00
1.491514556482862019e+00
1.478261935121385484e+00
1.468181608822455964e+00
1.448044061363692681e+00
1.429202833814209761e+00
1.411501459793462088e+00
1.398464486396881146e+00
1.383449388811029968e+00
1.371977484573214223e+00
1.360599216951734691e+00
1.353081128972554614e+00
1.343025934579308522e+00
1.334388666090584596e+00
1.323877043861863001e+00
1.314309084156219942e+00
1.304546149504872243e+00
1.295429753394894412e+00
1.289648199027770836e+00
1.283704908686975177e+00
1.275870645120166014e+00
1.262308333824139650e+00
1.252871911270016625e+00
1.243379144604764619e+00
1.236074272470575774e+00
1.229746504508156812e+00
1.222888331729823586e+00
1.214011904783790063e+00
1.207625765943654894e+00
1.201692812112454600e+00
1.195678990294418931e+00
1.191653021145272717e+00
1.188796293640378643e+00
1.185115280164402041e+00
1.181375693134050886e+00
1.177124144863730626e+00
1.168635539704190096e+00
1.162296320510552317e+00
1.155046373750880928e+00
1.149672199467818068e+00
1.144850217741483434e+00
1.137833349139359518e+00
1.131450250449105299e+00
1.125552461018195949e+00
1.122479781533417986e+00
1.119472667947741140e+00
1.114525229369648596e+00
1.112077706038743896e+00
1.104764929514864269e+00
1.102063148315574281e+00
1.099984496503570774e+00
1.099994427659848562e+00
1.096048059768421234e+00
1.092009068643951419e+00
1.088991415872020196e+00
1.081860845664344817e+00
1.077757454031561313e+00
1.073295476720307562e+00
1.069839687681352514e+00
1.064594061069093378e+00
1.060859084932728180e+00
1.059049131701044644e+00
1.054350326714057484e+00
1.049936890462571215e+00
1.047549410091817457e+00
1.047429628186503869e+00
1.043342501355583707e+00
1.041689875880244642e+00
1.040597448689653870e+00
1.036207978953063158e+00
1.033876183994297371e+00
1.030855592410814481e+00
1.026909604538122078e+00
1.027275309234230383e+00
1.027833784767379299e+00
1.026456014175869402e+00
1.023824891126731806e+00
1.021211223604827634e+00
1.017983977833180509e+00
1.017071071493065526e+00
1.016828695543798844e+00
1.013999557399075213e+00
1.012426811861860676e+00
1.012625130972434562e+00
1.011808040022737387e+00
1.009400165313198094e+00
1.009857530528219804e+00
1.011339046234420724e+00
1.012456250646541989e+00
1.013133292025052423e+00
1.010011032762630601e+00
1.009129325960670176e+00
1.009139155778618901e+00
1.007576734083708736e+00
1.007339057699466522e+00
1.005934179104850390e+00
1.005842733929886545e+00
1.004494085440779116e+00
1.006179329190883598e+00
1.006175871020393853e+00
1.005288780619685518e+00
1.004674442332472273e+00
1.006083944488365578e+00
1.005098809253993419e+00
1.004023622246686287e+00
1.004173615641442696e+00
1.005032141300560067e+00
1.004981269459217286e+00
1.006094933363456345e+00
1.004705483529486854e+00
1.004694709998345870e+00
1.006440433730146911e+00
1.008247714163393427e+00
1.006709993686266680e+00
1.005948961833647015e+00
1.006019962000660684e+00
1.004843740678973196e+00
1.004909806936075789e+00
1.004512712692446019e+00
1.004624982894094964e+00
1.003067507776386869e+00
1.003187311849460084e+00
1.005332903961657198e+00
1.005341938907085009e+00
1.005800669022730354e+00
1.006198779816476652e+00
1.005045264614213396e+00
1.004323225850641155e+00
1.003797051909978144e+00
1.003867241370357100e+00
1.003784055269236752e+00
1.003195168736808807e+00
1.004515928600992147e+00
1.004716698832407662e+00
1.005466968237765935e+00
1.005257023720719900e+00
1.004946277650768716e+00
1.004562674072235984e+00
1.003853000168257958e+00
1.003526679663812038e+00
1.005006969809592032e+00
1.005232083407815447e+00
1.004606998507454829e+00
1.004034524034150389e+00
1.005163187594547480e+00
1.004803145177592949e+00
1.005769539154677705e+00
1.004727293438060665e+00
1.004808571528448269e+00
1.006455071576800808e+00
1.003474289330939850e+00
1.005663032570511373e+00
1.005100373664453262e+00
1.005653247879787493e+00
1.004588153536720707e+00
1.004918944011538695e+00
1.006023558719647548e+00
1.005748920763179566e+00
1.004986923029608015e+00
1.005524589370185851e+00
1.005209754932009369e+00
1.005155171574353412e+00
1.004627243213863208e+00
