3.656020040409773575e+00
3.567428554912781102e+00
3.529364103792176355e+00
3.502211461992811525e+00
3.478357739290566464e+00
3.460622524657336552e+00
3.429945396643101052e+00
3.449682519446377604e+00
3.393516307126196452e+00
3.401326568578350251e+00
3.372764132293037509e+00
3.336222259217257236e+00
3.329145090897796422e+00
3.336137671548100148e+00
3.302584562782529876e+00
3.289445278173491971e+00
3.272133001886046610e+00
3.252029332516423565e+00
3.237621232870031562e+00
3.220957462046122544e+00
3.222423648311508515e+00
3.228513960490805523e+00
3.188278425861840404e+00
3.174152285112638250e+00
3.164029960703528932e+00
3.167864601705308925e+00
3.135016390182713053e+00
3.114884524923370979e+00
3.112064935951474265e+00
3.106792304574027774e+00
3.084404768137168240e+00
3.096613588385480398e+00
3.063483417965695565e+00
3.034455749500019284e+00
3.009262722036122994e+00
2.998322716825164047e+00
2.969309146304347280e+00
2.958834373273751872e+00
2.934205263604234837e+00
2.924985207666132681e+00
2.898988597345245388e+00
2.891798645466909345e+00
2.877023999254170850e+00
2.860628089382592165e+00
2.832122044876717037e+00
2.821083354051741487e+00
2.801712777814811428e+00
2.786472899421710281e+00
2.767137568046929452e+00
2.737827940684063321e+00
2.715172543294874341e+00
2.694941992421515664e+00
2.657822103606496622e+00
2.647671583307668719e+00
2.616705447423814057e+00
2.587452211840386429e+00
2.579465726077488696e+00
2.549662670644541329e+00
2.539427562676556782e+00
2.517991637517712711e+00
2.499001705791988659e+00
2.471693986599169612e+00
2.459922202641501077e+00
2.444301679737193922e+00
2.420102557385891195e+00
2.388082600123789589e+00
2.365279174313576149e+00
2.333727973718052517e+00
2.312848917381157943e+00
2.287194182223113437e+00
2.268073844507439318e+00
2.235489969450958903e+00
2.214286660382295935e+00
2.197478385623577335e+00
2.175503214073857716e+00
2.156449841596266737e+00
2.132990861350086309e+00
2.116411678195333934e+00
2.095483279051431502e+00
2.081765978703154385e+00
2.060890446852474689e+00
2.032433745153607418e+00
2.004114498417120860e+00
1.978866841416893951e+00
1.950727343477365539e+00
1.928064897115746135e+00
1.905871207420704927e+00
1.881298489530625506e+00
1.861753451226059619e+00
1.846379642356793305e+00
1.825902377448394009e+00
1.805819854996060236e+00
1.787548918458169878e+00
1.772293179877101554e+00
1.756586307060529872e+00
1.742523607063195534e+00
1.723453493276083215e+00
1.693886578419532274e+00
1.670795025861252503e+00
1.645705089619141193e+00
1.619882060244336452e+00
1.599923775931076930e+00
1.583316396886605748e+00
1.563850659521874409e+00
1.545197316229670825e+00
1.532214871257194133e+00
1.517381189900356642e+00
1.501573869226661140e+00
1.492001364667071783e+00
1.471928534551829149e+00
1.458586591985435721e+00
1.447504726204328129e+00
1.429334237523561812e+00
1.410162794757772176e+00
1.392521419570013297e+00
1.380465914472047473e+00
1.364817195678021289e+00
1.354464457982615277e+00
1.343016486195937720e+00
1.335996150216692158e+00
1.327038227940821269e+00
1.317553394975827352e+00
1.307592756371825260e+00
1.298377987163045644e+00
1.289687044717951148e+00
1.280891689368741204e+00
1.274768335131180041e+00
1.269163080367204710e+00
1.262242531403917623e+00
1.249578611873109590e+00
1.240810351011676804e+00
1.230771072309005731e+00
1.223909778770206014e+00
1.218471055979883477e+00
1.212291970804049601e+00
1.203565783496806318e+00
1.197049889607064266e+00
1.190763968442841936e+00
1.185256518171329709e+00
1.182047032911912821e+00
1.179000334859545474e+00
1.175730272493310746e+00
1.172451398911538600e+00
1.168172452366297076e+00
1.159906430790482723e+00
1.153912711561512427e+00
1.147551234224059247e+00
1.141674373741150550e+00
1.136973920672649463e+00
1.130357799206171521e+00
1.124846494027861521e+00
1.118912691064543719e+00
1.116804387466885595e+00
1.114594865030744453e+00
1.109639988113607201e+00
1.107290697771007304e+00
1.099733097924382230e+00
1.097098985039543173e+00
1.094429186731778580e+00
1.094050304463679790e+00
1.090434622167999468e+00
1.086451236833932743e+00
1.084181743062041736e+00
1.077759798757964349e+00
1.074021915916802739e+00
1.069725677361069494e+00
1.066164624601719346e+00
1.060630189982624483e+00
1.056522731719775177e+00
1.054518014974775930e+00
1.050684971005812596e+00
1.046451677571073047e+00
1.044202945225791268e+00
1.044189067561320350e+00
1.040320338169431258e+00
1.038436059726806082e+00
1.037121316228464929e+00
1.033513784307156458e+00
1.031693910343097986e+00
1.029184090667430329e+00
1.024969245715221522e+00
1.025879113859629488e+00
1.026242108404712639e+00
1.024768735491653704e+00
1.022433735839253233e+00
1.019103922417657015e+00
1.016229043068264559e+00
1.015772677173535810e+00
1.015224013796055313e+00
1.012819350470814062e+00
1.010906793533324244e+00
1.010506736812887718e+00
1.010415389289310850e+00
1.008406996615330176e+00
1.009032854501430876e+00
1.010538195605860334e+00
1.011930464033404142e+00
1.012716754879903203e+00
1.009563991820506823e+00
1.008852857889035448e+00
1.008967582668834240e+00
1.007357222889221138e+00
1.007320091876246160e+00
1.005981324048042191e+00
1.005588192392317115e+00
1.004209760326671530e+00
1.005974068562748291e+00
1.005752177373978373e+00
1.004968165052747331e+00
1.003947667967013180e+00
1.005889005914003764e+00
1.004415419604318682e+00
1.003589753638388427e+00
1.003626327066629687e+00
1.004193335670209297e+00
1.004416424633590932e+00
1.005178828825469495e+00
1.004204989879509569e+00
1.003875732652666830e+00
1.006084339548443563e+00
1.007135255979067612e+00
1.005806146069143647e+00
1.004549150451381934e+00
1.005245732109692813e+00
1.004025210105621735e+00
1.003854368896870408e+00
1.003377623624330583e+00
1.003899395585017507e+00
1.002296129522287860e+00
1.002570705584584054e+00
1.005107616306147644e+00
1.005057774426384221e+00
1.005713834818867447e+00
1.005555714802548017e+00
1.005098557275173388e+00
1.005192548163411193e+00
1.003946353168444716e+00
1.004454753421177626e+00
1.004825261592634966e+00
1.003737578988429746e+00
1.004992115382167484e+00
1.004159273094207716e+00
1.004354252214897381e+00
1.004930738038000815e+00
1.004719356633076099e+00
1.004659103063078263e+00
1.003897421666224421e+00
1.002996053247116937e+00
1.003744354331314481e+00
1.004469016576328588e+00
1.003435094433483776e+00
1.003120090036148770e+00
1.005318565754998339e+00
1.004518285382893783e+00
1.005063088690755224e+00
1.004301044175448521e+00
1.004373120606918857e+00
1.005393960159819411e+00
1.003821264024276294e+00
1.005862881176218249e+00
1.004386299569532959e+00
1.005105795551061831e+00
1.004023085604531351e+00
1.005483818209363722e+00
1.005584586161426763e+00
1.005708542066253264e+00
1.004559580211491721e+00
1.005049667935996149e+00
1.005251261491630466e+00
1.005370262808658044e+00
1.004109254818039698e+00
