3.504841576562582439e+00
3.427153491489951520e+00
3.395037847660808517e+00
3.367875052880000997e+00
3.343297707602412405e+00
3.320371312007602160e+00
3.295295566825778621e+00
3.322520661594615454e+00
3.260999423415607890e+00
3.269659121751690822e+00
3.236982778030283114e+00
3.211346332956195315e+00
3.209352733339255082e+00
3.216797581908765746e+00
3.174028640126599576e+00
3.169636490970528353e+00
3.145588695591189587e+00
3.129172648745449425e+00
3.119516150600896154e+00
3.099767054395584420e+00
3.095001105311336875e+00
3.110015402426416387e+00
3.073258409489084908e+00
3.056406262727139111e+00
3.051079613750627306e+00
3.051920663589023697e+00
3.022359319269085187e+00
3.003326672926111218e+00
2.997968873955584534e+00
2.996473674242879692e+00
2.972020928941349727e+00
2.979590377486919017e+00
2.950324958110120299e+00
2.927928112413559436e+00
2.904861541845683348e+00
2.889940694712647584e+00
2.865752724360243420e+00
2.855426501344374479e+00
2.832297630788468634e+00
2.826955406814949612e+00
2.797985912381290241e+00
2.790696813781853081e+00
2.778408141143058785e+00
2.762957744111773639e+00
2.735654774357899832e+00
2.724300601539546562e+00
2.705704055112778228e+00
2.696078706962238947e+00
2.677061635616272639e+00
2.650420603235210670e+00
2.627026957730180357e+00
2.611054798299149660e+00
2.575092130209192476e+00
2.567078794248914164e+00
2.533584763184621114e+00
2.512667542203758320e+00
2.502201144214823536e+00
2.474282962079159987e+00
2.467398813401913138e+00
2.445640542582654398e+00
2.432331707639879159e+00
2.405184487856078412e+00
2.393355277629001243e+00
2.375444031070555351e+00
2.355219897456519718e+00
2.323812915991210648e+00
2.307264481670907585e+00
2.276496075082900195e+00
2.256606803904522174e+00
2.232523964781917059e+00
2.215383680575334857e+00
2.185024117658770137e+00
2.165430771423531464e+00
2.151136817920041189e+00
2.130605078115110462e+00
2.110135638298208605e+00
2.089093817341287629e+00
2.071953533134705427e+00
2.052184968183134117e+00
2.040706195388721778e+00
2.020359408673253032e+00
1.993603510689262670e+00
1.967530965698968792e+00
1.942782295454299479e+00
1.915156144512523362e+00
1.894057864191450058e+00
1.871308634187598852e+00
1.848096048022778382e+00
1.829045879808171016e+00
1.813897248343903312e+00
1.795174155066450172e+00
1.775372493246238470e+00
1.759563871283784220e+00
1.743840911804870775e+00
1.727718843027643780e+00
1.714955132980125585e+00
1.697326183242438447e+00
1.669047829300979835e+00
1.646466030514957213e+00
1.622429916383373749e+00
1.598167964795183860e+00
1.577912681187133348e+00
1.561473271845881916e+00
1.541565505358557520e+00
1.523211344822715585e+00
1.509792511463576181e+00
1.495696165734617056e+00
1.479944976573627446e+00
1.470756701776607667e+00
1.451872017905203371e+00
1.438713092308623764e+00
1.428251561506253431e+00
1.410760353148349910e+00
1.391938942702287685e+00
1.374075394572177089e+00
1.363575412995944980e+00
1.348505629954027007e+00
1.338053346806129973e+00
1.327270581690483287e+00
1.320757312629474711e+00
1.312781940724401464e+00
1.303141017576855631e+00
1.293633455341185234e+00
1.284245625895008569e+00
1.275339647918746877e+00
1.267260118221187337e+00
1.261936389556614690e+00
1.255647984514899562e+00
1.249250067775476758e+00
1.236859427578149706e+00
1.228324815936781889e+00
1.219522265675021977e+00
1.213173750879231738e+00
1.208884542719006250e+00
1.202360565847554907e+00
1.194139157661631812e+00
1.188048603753775634e+00
1.182321872041637745e+00
1.175409737041644309e+00
1.172208101719322215e+00
1.169498538958700706e+00
1.167872655286731121e+00
1.164468788362641893e+00
1.160250397766933839e+00
1.151697899214940257e+00
1.145789256404943446e+00
1.140813166540761037e+00
1.135459261319486934e+00
1.130452873218938725e+00
1.124152543570140050e+00
1.118498332937817530e+00
1.112962881657676206e+00
1.110310021620534826e+00
1.107625038152065589e+00
1.103270001293551239e+00
1.101559063536361682e+00
1.094157776286606154e+00
1.091409641072458969e+00
1.089037617700105987e+00
1.088800220675408159e+00
1.085590189456261845e+00
1.081990904991595892e+00
1.080120019315920832e+00
1.073530822144501462e+00
1.070047315880245709e+00
1.066319294330940970e+00
1.062303561215824699e+00
1.056403192622987985e+00
1.052775252597421884e+00
1.051040952344721280e+00
1.048160977214500189e+00
1.044110626234941996e+00
1.042203480019358919e+00
1.042081191956918396e+00
1.038218410179601037e+00
1.036130813022128505e+00
1.034676102217659377e+00
1.031078947147115565e+00
1.029018758333986039e+00
1.026838684631782295e+00
1.023741085422282593e+00
1.024609847804182738e+00
1.024167450965358661e+00
1.022598574216029288e+00
1.019883444610774292e+00
1.016651146013094031e+00
1.014417137799769275e+00
1.013825987571558729e+00
1.013835265645947947e+00
1.011276585668835049e+00
1.009427997791610077e+00
1.009009906465694328e+00
1.009593406085023126e+00
1.007111140936977733e+00
1.007567606986965236e+00
1.009135981807680382e+00
1.009870455470265771e+00
1.010531662765093319e+00
1.008299692686142501e+00
1.007887518033894425e+00
1.008358905052694876e+00
1.006618916275696662e+00
1.006713111545683326e+00
1.006018640072677162e+00
1.006006608995887230e+00
1.005241578527649615e+00
1.006907236239828585e+00
1.006589561056727700e+00
1.005559641564679918e+00
1.004216366517607817e+00
1.006061083460518368e+00
1.004388786601665640e+00
1.004077552835783926e+00
1.003653233032061109e+00
1.004671836315345512e+00
1.005525563653747678e+00
1.006183029298903353e+00
1.004605764257728406e+00
1.004486700706387126e+00
1.005590403704765379e+00
1.007093352891079041e+00
1.005965610554058198e+00
1.004354723900691138e+00
1.005108734754346811e+00
1.003963310841133438e+00
1.003997350727170890e+00
1.002862965440987075e+00
1.004031550317767696e+00
1.003024084526239701e+00
1.002464434121078440e+00
1.004251505323111804e+00
1.003970353051694353e+00
1.004373922670195540e+00
1.004622529433950362e+00
1.004998397916416764e+00
1.005025536284004817e+00
1.004113463546657314e+00
1.004660835713211187e+00
1.004948197449988090e+00
1.003874564538605352e+00
1.004881013164191206e+00
1.004027126121230129e+00
1.004273198525730937e+00
1.004977278889712888e+00
1.004610439418573309e+00
1.004457073609418716e+00
1.003951802606650290e+00
1.003207946301214459e+00
1.003538477701327425e+00
1.004885425953260469e+00
1.003688639913074887e+00
1.003748207812396043e+00
1.005350474222058033e+00
1.003865122957167788e+00
1.004018804372951212e+00
1.004437159971887539e+00
1.005228885817686102e+00
1.005802023653117327e+00
1.004357611891469215e+00
1.005343526123112285e+00
1.004672589208267297e+00
1.004916857331498381e+00
1.004181818999221321e+00
1.005473300336763076e+00
1.005199799624849621e+00
1.005227474143457922e+00
1.004792243096103821e+00
1.005048805618522945e+00
1.005043335737371812e+00
1.005374123805526487e+00
1.004456629668769141e+00
