3.414611107710393334e+00
3.340959722373619378e+00
3.307668165278013994e+00
3.285155721679393181e+00
3.263420787906784692e+00
3.239353324656140121e+00
3.211327629563979880e+00
3.243099508363289196e+00
3.179732457543309465e+00
3.188991892743998413e+00
3.150823228557953826e+00
3.134460180855973555e+00
3.126579058528670352e+00
3.135167007970530495e+00
3.101133282404640923e+00
3.097139709207397562e+00
3.072471442909380013e+00
3.052609600990345839e+00
3.049499561686297877e+00
3.029072258075618418e+00
3.019424067961923974e+00
3.035504384818081824e+00
3.003626481951588989e+00
2.987086727470969372e+00
2.985673073241856823e+00
2.984330101724199658e+00
2.951780713098878905e+00
2.938386339278035386e+00
2.935488348108354018e+00
2.926052206129027056e+00
2.901101208985186641e+00
2.916757429572610860e+00
2.881963864858573032e+00
2.868092382735404122e+00
2.839554237985190355e+00
2.825718097217749136e+00
2.807252238849963888e+00
2.796579149420162835e+00
2.778183973763833414e+00
2.768659478395185669e+00
2.740404064490794767e+00
2.736834587562285037e+00
2.726903666602767728e+00
2.704673953849969781e+00
2.687992833946439397e+00
2.674086010467543240e+00
2.656662722093728224e+00
2.648799270444288645e+00
2.629414536827579862e+00
2.599135830307771400e+00
2.579106116949030358e+00
2.568282826757385617e+00
2.529531030201832120e+00
2.525360750225949413e+00
2.490355137377544992e+00
2.470634660881422029e+00
2.463045104738873725e+00
2.432978446353431412e+00
2.426351942154465480e+00
2.408089296582114791e+00
2.397257171051538460e+00
2.372862800260411298e+00
2.356190515695813392e+00
2.340172046212179335e+00
2.322306990891767065e+00
2.292474468988022096e+00
2.275236722731778016e+00
2.243809422150815358e+00
2.226160832634235920e+00
2.204359633819637843e+00
2.187333935697761245e+00
2.160138762465204643e+00
2.141566880030235431e+00
2.129064875441519789e+00
2.108213475562106698e+00
2.087737577587301718e+00
2.069770915869171724e+00
2.052219515080843770e+00
2.034345624421499465e+00
2.025550044514738524e+00
2.002416918356148656e+00
1.975140018238471074e+00
1.952042233435608676e+00
1.925900674370687682e+00
1.898175380802213930e+00
1.876979402704454625e+00
1.855544870455532624e+00
1.832197487327842156e+00
1.813528416164622126e+00
1.799170990400195569e+00
1.780455533707582472e+00
1.759754334590012625e+00
1.743621005700263460e+00
1.729764985420225498e+00
1.714826636121022929e+00
1.701957964966630987e+00
1.684201142548135133e+00
1.656243921332697600e+00
1.634267120156826625e+00
1.610944034211199360e+00
1.587418839887503541e+00
1.567625471845191854e+00
1.549901781947690793e+00
1.529805803546960163e+00
1.510183620196455134e+00
1.497243161913241138e+00
1.483720675677884238e+00
1.467791664000936525e+00
1.457153915926862942e+00
1.439767073326142732e+00
1.427747699126584724e+00
1.417390473063600886e+00
1.398483399957901163e+00
1.379412320873276920e+00
1.362503690992248551e+00
1.351938282255680468e+00
1.337119762240742693e+00
1.326597425781467887e+00
1.315958021081344853e+00
1.309309428535049058e+00
1.301646428637627917e+00
1.291508981630576702e+00
1.282577006179053569e+00
1.274030472388437030e+00
1.265763356191543565e+00
1.257740868441328708e+00
1.252205528600459195e+00
1.246051162825669412e+00
1.239761782027826165e+00
1.228735002936404808e+00
1.219924513395196364e+00
1.211948687278715742e+00
1.205512971179811599e+00
1.201897384826250637e+00
1.195839931675370948e+00
1.187614783338404534e+00
1.182672791727684025e+00
1.177803139454468795e+00
1.171129421413085181e+00
1.167448398330559467e+00
1.164731807713324852e+00
1.163088986880664644e+00
1.159301387522272409e+00
1.155461880547655085e+00
1.146404967881547332e+00
1.140470657267031562e+00
1.135888429613446604e+00
1.130982331567137233e+00
1.125896765698772173e+00
1.120125494697985502e+00
1.115368907152664901e+00
1.109909081849229429e+00
1.106926602751011401e+00
1.104419437276898730e+00
1.100130432434117900e+00
1.098013954603402231e+00
1.091028238655983973e+00
1.087704356539348494e+00
1.085553779822442166e+00
1.085736837000938815e+00
1.082679050443542845e+00
1.079299809406411903e+00
1.077423473326823533e+00
1.071427660470210874e+00
1.068187990177770885e+00
1.064515319251579051e+00
1.061093420093667250e+00
1.054402928713530141e+00
1.051168366351409755e+00
1.049046090329520009e+00
1.046895306534358028e+00
1.043209520651938949e+00
1.041392754084055960e+00
1.040597159423667595e+00
1.036867956133528779e+00
1.034373698537386588e+00
1.033110659226629480e+00
1.029805276100882683e+00
1.027702292869864031e+00
1.025701330193075300e+00
1.023134422642043351e+00
1.023527871328857142e+00
1.023350474289363987e+00
1.021429236741218993e+00
1.019159866131329473e+00
1.016646177692145603e+00
1.014036059811649793e+00
1.012294773268157755e+00
1.012950279488214811e+00
1.010994770488665928e+00
1.009369309716485086e+00
1.008991702516272015e+00
1.009604481589463143e+00
1.006804662769750447e+00
1.006742815397226654e+00
1.008141559991891700e+00
1.008280181627908112e+00
1.010422872114556725e+00
1.007727990201182422e+00
1.008041213320232998e+00
1.007606452521303986e+00
1.006433319686788064e+00
1.006620725508664993e+00
1.006379479340171468e+00
1.005909687802898800e+00
1.005368989219393328e+00
1.006572735122786444e+00
1.006006928300714254e+00
1.004718616814438192e+00
1.003838413429863685e+00
1.005994538118384352e+00
1.004496232023781799e+00
1.004344875075007915e+00
1.004021712199658856e+00
1.004115760241024446e+00
1.005676629853786475e+00
1.006433457738958870e+00
1.005189711219072857e+00
1.004924521627204026e+00
1.005861283260507832e+00
1.006931670766897380e+00
1.006406028498270544e+00
1.004476257600317446e+00
1.004681334100058443e+00
1.003667159711971513e+00
1.003296778680074608e+00
1.003474749498902696e+00
1.004451183874793596e+00
1.003475124828241860e+00
1.002551736998985144e+00
1.004048308813191737e+00
1.004487957521793540e+00
1.004154557215152899e+00
1.004676739551248588e+00
1.004561250282103746e+00
1.004664086206967566e+00
1.003796574993846669e+00
1.004246504275043694e+00
1.005090227373481415e+00
1.003179192743585357e+00
1.004060144629773887e+00
1.003426709500525149e+00
1.004347383741799327e+00
1.005194978772215197e+00
1.005288228699468434e+00
1.004774146143081914e+00
1.004265531746899143e+00
1.002441573523742635e+00
1.003671335790138563e+00
1.005149382728674379e+00
1.004187172040507114e+00
1.003377808833145313e+00
1.004598412200834012e+00
1.004001144583273053e+00
1.004090792211694172e+00
1.003843586072138638e+00
1.005255966554269076e+00
1.005474232428985371e+00
1.004123568816936096e+00
1.004873621360412583e+00
1.003943989906024292e+00
1.004356529698115619e+00
1.003741485706497460e+00
1.004857790659137606e+00
1.005602862539139331e+00
1.004965026996946342e+00
1.004996195510104773e+00
1.005583754177340472e+00
1.004925008045399526e+00
1.005231866743669267e+00
1.004733557726330773e+00
