3.336549142011562274e+00
3.266420527639462001e+00
3.238059391321634894e+00
3.207905309604404565e+00
3.194784209181501300e+00
3.167767781913225722e+00
3.139691886908939189e+00
3.176406518837621373e+00
3.107459618478764618e+00
3.119969487515507733e+00
3.081421161428345545e+00
3.063980692543244455e+00
3.054160241605605730e+00
3.069115036186988998e+00
3.027755045723490301e+00
3.027225311855485046e+00
3.008643877716218551e+00
2.992181379048973966e+00
2.980201243880236106e+00
2.959582371787103039e+00
2.953388560407347541e+00
2.976982091913126460e+00
2.933706909772992866e+00
2.928898556201866565e+00
2.923478971244581004e+00
2.927920585984010948e+00
2.899029715798177698e+00
2.877025385896414544e+00
2.876047415678558927e+00
2.870668579480349702e+00
2.840677492799428716e+00
2.863985782991666618e+00
2.820017871947218424e+00
2.813253577940379557e+00
2.785666668045021943e+00
2.769591282589011882e+00
2.753556645892079047e+00
2.741943249555037099e+00
2.726621716141957918e+00
2.713032004989665680e+00
2.687482533048174194e+00
2.686260070275854339e+00
2.675217156565895316e+00
2.652194107687199320e+00
2.642251410472328477e+00
2.624851690346305055e+00
2.614460756781583406e+00
2.604436562048558557e+00
2.583685256488423398e+00
2.557015193672305564e+00
2.537751217818493554e+00
2.529438470966716590e+00
2.487946047036216690e+00
2.484614835981644454e+00
2.453003986127398228e+00
2.437152718846314237e+00
2.424286298167644293e+00
2.399928727429164965e+00
2.391972532219314829e+00
2.373941206327592646e+00
2.366545306555055905e+00
2.337175638450063708e+00
2.325399247076712861e+00
2.309089556256008091e+00
2.291409688411327750e+00
2.263282857458194464e+00
2.245557147259552799e+00
2.217797055138115425e+00
2.200310743899052568e+00
2.178887083814141867e+00
2.162485708285513120e+00
2.135963359721050558e+00
2.119337866017495742e+00
2.106990992017062858e+00
2.089010602074186984e+00
2.067031740146847429e+00
2.051312906332763752e+00
2.036281707828111021e+00
2.015413249585628286e+00
2.006535113701653383e+00
1.985182763945128270e+00
1.958823410416974831e+00
1.937111962221080397e+00
1.913052366783354108e+00
1.884762540793911700e+00
1.865029954210710716e+00
1.842399112138133566e+00
1.821324363302822658e+00
1.804006140694953686e+00
1.788623484143258224e+00
1.769191419658252329e+00
1.748763557373294253e+00
1.732486974919339673e+00
1.719162130701050062e+00
1.703723444605623305e+00
1.690767886016471877e+00
1.673597377660258401e+00
1.644994295585409105e+00
1.624910250955165836e+00
1.602315064046781590e+00
1.577290232378411039e+00
1.556950234605213312e+00
1.540329834496543704e+00
1.521917762387192674e+00
1.499788639410755131e+00
1.486749036506006982e+00
1.472661426453738320e+00
1.458696062678701777e+00
1.446668811757280793e+00
1.427967678138224894e+00
1.414085085280063936e+00
1.405377584824725190e+00
1.386792967188656078e+00
1.368096290465123932e+00
1.351917123013338884e+00
1.342187083384903223e+00
1.328343329187737787e+00
1.317328430249644633e+00
1.306987159235048823e+00
1.299639648613916343e+00
1.293457934522011854e+00
1.283803662117485533e+00
1.273661678002752318e+00
1.265595333803521072e+00
1.257642958789834342e+00
1.249173583895353712e+00
1.245124812661403624e+00
1.238405724309166844e+00
1.231936540455959239e+00
1.221358098929545832e+00
1.212816140307958701e+00
1.204742792415760988e+00
1.198767050567005388e+00
1.195247058152020037e+00
1.189161485663563500e+00
1.180281121331826721e+00
1.175387768396062738e+00
1.171316075985131544e+00
1.164851667377128308e+00
1.161881783209687047e+00
1.158160593796757176e+00
1.157621309438343182e+00
1.153522557304587526e+00
1.149852940539864976e+00
1.139852622032861529e+00
1.134476491806934995e+00
1.129102749203611200e+00
1.124186793440546506e+00
1.120160625033897350e+00
1.114816011426320141e+00
1.111617393013589083e+00
1.106942427958505393e+00
1.104234386403104118e+00
1.102025835496080131e+00
1.098028955260017980e+00
1.095690836033115456e+00
1.089036691015658143e+00
1.086982380528735970e+00
1.084881750163330993e+00
1.084097495725932170e+00
1.080494095694710222e+00
1.076348068633431243e+00
1.075048883588161086e+00
1.068170699983198357e+00
1.066214998309746420e+00
1.062533761781693009e+00
1.058655387214119337e+00
1.051865386470597574e+00
1.048873138238115788e+00
1.048046861642918604e+00
1.046634105349204091e+00
1.041570196572223939e+00
1.040051827772072723e+00
1.039039953313265485e+00
1.035593181324747203e+00
1.033061744254487602e+00
1.032705948693051434e+00
1.030286252360574251e+00
1.027695283900100343e+00
1.025393257568200767e+00
1.022516251919984853e+00
1.022105381863858131e+00
1.021496219750619883e+00
1.019436815668812724e+00
1.017630022058317429e+00
1.015492900860809122e+00
1.012805154097526250e+00
1.011774019483061338e+00
1.012650515740324497e+00
1.010160981446733164e+00
1.008738913424870098e+00
1.008895700642413962e+00
1.009047414161928113e+00
1.006339889924757092e+00
1.006197249371131308e+00
1.007105302040453454e+00
1.007832114257414480e+00
1.010140288717514379e+00
1.007583980578481864e+00
1.007592854575820152e+00
1.007283657448836856e+00
1.006433086793662390e+00
1.005719147841898309e+00
1.005674837545772693e+00
1.005629711478591259e+00
1.004941558850930727e+00
1.006171980365258012e+00
1.006065174047520383e+00
1.003645338437057832e+00
1.002728312286122581e+00
1.004810358988940555e+00
1.003734824542502402e+00
1.003719374634580941e+00
1.003818351539868869e+00
1.004117092869540206e+00
1.005659765678096340e+00
1.005444581191074160e+00
1.004823431222687580e+00
1.004129956186309514e+00
1.005457633527965911e+00
1.006929563068504896e+00
1.006526791032370749e+00
1.004147515160862980e+00
1.004481573408191775e+00
1.003792112562313488e+00
1.002757287081242898e+00
1.002933727417330889e+00
1.004156404080842391e+00
1.003158377833127890e+00
1.002475900783361462e+00
1.003097936161796433e+00
1.004306217450702254e+00
1.003758790304371873e+00
1.004015738290077397e+00
1.003904271134051562e+00
1.003983425797527751e+00
1.003570163144585248e+00
1.003736515775179194e+00
1.004256326086744089e+00
1.002803213996839027e+00
1.003478461026912960e+00
1.002767267841141452e+00
1.003384647355502146e+00
1.004176191503158178e+00
1.003211472590744169e+00
1.004142824477292528e+00
1.003579114242236558e+00
1.002242135120859023e+00
1.003595379921213837e+00
1.004922771245579716e+00
1.003081048706099709e+00
1.003116863045132590e+00
1.003985820881450497e+00
1.003272929001681746e+00
1.003812292947515949e+00
1.003875542562512102e+00
1.004715841466283344e+00
1.004539260608656726e+00
1.003791575347228182e+00
1.004404142309781367e+00
1.003808503840188493e+00
1.004880783907277531e+00
1.004107888086987366e+00
1.004757490558050304e+00
1.005150208464632655e+00
1.004871151342341840e+00
1.004429238461726603e+00
1.005363520160176272e+00
1.004550820681422207e+00
1.005266331484732767e+00
1.004109519629099001e+00
