3.261859065496463206e+00
3.192310236859272177e+00
3.164044148717790605e+00
3.141668808357054754e+00
3.119008431813380167e+00
3.095730476873336467e+00
3.072214991780843452e+00
3.111502478995978205e+00
3.049507109206678557e+00
3.054020182103217795e+00
3.009697055656155307e+00
2.984186317283087142e+00
2.990314595216282179e+00
3.007891826497539611e+00
2.972974894087474507e+00
2.964898868904194185e+00
2.942143480299539426e+00
2.925516369628079705e+00
2.922666007798686572e+00
2.888889220120378631e+00
2.889316774394787402e+00
2.921715887188888860e+00
2.873592278302635528e+00
2.868794169223157553e+00
2.868984193345117006e+00
2.866086325485233566e+00
2.839150406197469056e+00
2.818010222629470540e+00
2.830504308648309930e+00
2.808414004470513703e+00
2.770409180078606148e+00
2.809126594927862097e+00
2.764209643099676317e+00
2.752760689751613921e+00
2.730052807177449026e+00
2.715207172649360068e+00
2.698437543886430756e+00
2.688342512407330354e+00
2.675420872114081305e+00
2.662475478805587770e+00
2.637416047722173751e+00
2.637914861042317760e+00
2.623520533803882948e+00
2.605230712065276677e+00
2.595586987875829976e+00
2.582594088536847021e+00
2.564066736645791877e+00
2.558722308215680030e+00
2.540111820771267404e+00
2.511833856122163589e+00
2.494874203237274823e+00
2.489315997669958591e+00
2.442938235404208402e+00
2.439458418670823914e+00
2.412154327646763186e+00
2.397688741362593579e+00
2.390313430129038519e+00
2.360574655042370740e+00
2.357403627507170807e+00
2.337700501361491323e+00
2.334066290029015001e+00
2.300930833762320660e+00
2.290990196882312091e+00
2.279683761625719729e+00
2.259576834220875963e+00
2.235057784234284028e+00
2.213751329559570991e+00
2.190259597482322462e+00
2.174077855846705987e+00
2.155051690635506834e+00
2.138923393284191121e+00
2.112462534301325690e+00
2.097391246128409215e+00
2.087670324639416819e+00
2.070199981926761801e+00
2.050176190075275073e+00
2.035170222694282938e+00
2.018810333444328808e+00
1.997533570038672046e+00
1.989540680408748763e+00
1.968157028434489586e+00
1.945915298784506531e+00
1.923430100728262815e+00
1.902868896906859675e+00
1.873124183566380552e+00
1.856289234011527789e+00
1.833364605173252837e+00
1.813916823941456258e+00
1.796927479787511217e+00
1.778999891531391153e+00
1.761286080412475252e+00
1.741490911332721492e+00
1.726505727840068394e+00
1.711814487911071492e+00
1.696312676336841019e+00
1.683435572947176606e+00
1.668499380048466429e+00
1.638171233271033422e+00
1.618080636064170630e+00
1.595987362759468509e+00
1.569618546710676910e+00
1.547359002299260489e+00
1.532646978481924105e+00
1.514293320514847885e+00
1.492918575921305280e+00
1.480633813349311767e+00
1.465048866221724033e+00
1.450504598074555229e+00
1.437532482623911090e+00
1.419348064890454619e+00
1.405412467758937689e+00
1.395796950275094428e+00
1.377628862739619153e+00
1.359005756505858198e+00
1.342486276684726754e+00
1.333369572521027724e+00
1.319789528336458240e+00
1.307324391304948374e+00
1.295888799027961280e+00
1.289857760000925335e+00
1.284173366540119821e+00
1.275005444937298726e+00
1.263706432497969878e+00
1.256040146827664961e+00
1.250140491666202447e+00
1.240396559443691205e+00
1.235729834229786439e+00
1.228167468001177820e+00
1.222653057055719028e+00
1.213013044274904750e+00
1.205170466694578613e+00
1.198911176036673076e+00
1.192328621686918222e+00
1.188192999048256038e+00
1.181866531894110839e+00
1.173916694604319133e+00
1.169572490800537157e+00
1.166249666652287686e+00
1.160934558350368739e+00
1.158115743494347649e+00
1.154428087877570341e+00
1.153626052472190189e+00
1.148381460934279730e+00
1.145348497800191101e+00
1.135231012298866915e+00
1.130627195461274992e+00
1.126361302379628615e+00
1.121736887224128676e+00
1.116339756791442150e+00
1.111386139690281993e+00
1.108846608333820871e+00
1.104623767592305850e+00
1.102593441500157923e+00
1.100515794947952042e+00
1.096652218562016889e+00
1.093544284973561487e+00
1.086763912543720068e+00
1.084186153678349029e+00
1.081780047462209016e+00
1.080849411747729416e+00
1.077158415863183283e+00
1.073638979842652219e+00
1.071672118838112198e+00
1.066017416646363181e+00
1.064277786635318579e+00
1.060031842375069200e+00
1.056308742805856182e+00
1.049886799664652148e+00
1.048218892625421450e+00
1.047194543842983272e+00
1.045732991123693001e+00
1.040397284503866260e+00
1.038319916307307578e+00
1.037799947957961155e+00
1.034925090831596783e+00
1.032462942345113266e+00
1.032354708390881726e+00
1.030418280937124287e+00
1.028615881727590775e+00
1.026261781624906888e+00
1.023468297132799520e+00
1.022586095300967779e+00
1.021675779548748553e+00
1.020340693078594319e+00
1.018717369335555567e+00
1.015682689674974881e+00
1.012884565922077540e+00
1.011615681703396774e+00
1.011933934993592965e+00
1.009978996889282943e+00
1.008376085893720520e+00
1.008812454763630573e+00
1.009407509548863491e+00
1.006994885171313303e+00
1.006388835338007937e+00
1.007533619330555297e+00
1.007852846865517238e+00
1.009181739922516696e+00
1.007247400136114912e+00
1.007600935004618670e+00
1.007264147867566795e+00
1.006447962716777056e+00
1.005917138497182339e+00
1.006465893459730587e+00
1.005972067344936161e+00
1.004819257431222024e+00
1.005744743566224564e+00
1.005311251038004450e+00
1.003830700545778942e+00
1.003783588852456221e+00
1.005884246138180949e+00
1.004326660720536779e+00
1.004865128122283346e+00
1.004613367037360483e+00
1.004439464346646327e+00
1.005947374879381240e+00
1.005888224304308132e+00
1.005130714204360398e+00
1.004262870884673919e+00
1.005451391508319192e+00
1.006677594527731534e+00
1.007149268172253365e+00
1.005022294679697392e+00
1.005406773417671040e+00
1.004847487333129230e+00
1.003633299999163286e+00
1.003551799785234344e+00
1.005343401115279534e+00
1.004035332540150982e+00
1.002558609438077397e+00
1.003295851767448621e+00
1.003969698598124127e+00
1.004027161642084609e+00
1.004374392914990199e+00
1.004169830509529904e+00
1.003456323798175509e+00
1.003695790842004776e+00
1.004269777584175127e+00
1.004288676772818523e+00
1.003724838413626586e+00
1.003973931923594964e+00
1.002774787392740619e+00
1.003990311413721859e+00
1.003921215423330349e+00
1.003000461334333515e+00
1.003326766641538192e+00
1.003803418792795554e+00
1.002967000665885511e+00
1.004264535219482557e+00
1.005586863722464086e+00
1.003654921853982751e+00
1.003703300645408802e+00
1.004088675340622405e+00
1.003531207266402880e+00
1.003814477630703861e+00
1.004465006376833447e+00
1.004787714807156895e+00
1.004674384914901575e+00
1.003896911495866684e+00
1.004787961267886276e+00
1.003883850526973820e+00
1.005117434320349057e+00
1.004412540686605348e+00
1.004229033276286653e+00
1.004710053581531870e+00
1.004841623017536989e+00
1.004035592048801551e+00
1.004905101153065639e+00
1.004363387718534950e+00
1.004593619733853860e+00
1.004604040673403587e+00
