0.000000000000000000e+00
0.000000000000000000e+00
0.000000000000000000e+00
5.164527076877677148e-02
6.640106241699871015e-02
3.172495204367715704e-01
8.263243323004283436e-01
1.910875018444740725e+00
4.020953224140477289e+00
6.175298804780879891e+00
7.097535782794750503e+00
5.393241847425117363e+00
3.652058432934923715e+00
2.449461413604844928e+00
1.741183414490190540e+00
1.601003393832077792e+00
1.372288623284637854e+00
1.246864394274755261e+00
1.328021248339975813e+00
1.209974915154196973e+00
1.069794894496088666e+00
7.894348531798746071e-01
7.968127490039855765e-01
6.935222074664298963e-01
7.082779991146518350e-01
5.828537701047655784e-01
5.312084993359919016e-01
4.943190202154341129e-01
3.688947912055478562e-01
3.467611037332168911e-01
2.729821454921054213e-01
2.213368747233286915e-01
1.623137081304410756e-01
2.213368747233286915e-01
1.918252914268859521e-01
7.377895824110977663e-02
1.106684373616643458e-01
1.623137081304410756e-01
9.591264571344244871e-02
8.115685406522053780e-02
6.640106241699861300e-02
8.853474988933147938e-02
8.115685406522142598e-02
4.426737494466573969e-02
7.377895824110956846e-02
7.377895824110956846e-02
5.164527076877670209e-02
3.688947912055478423e-02
4.426737494466573969e-02
5.164527076877670209e-02
7.377895824110956846e-02
4.426737494466573969e-02
1.106684373616655809e-01
8.115685406522053780e-02
7.377895824110956846e-02
5.902316659288765754e-02
1.032905415375534042e-01
1.032905415375534042e-01
1.254242290098862567e-01
8.115685406522142598e-02
5.902316659288765754e-02
2.213368747233286984e-02
7.377895824110957193e-03
7.377895824110957193e-03
0.000000000000000000e+00
0.000000000000000000e+00
0.000000000000000000e+00
0.000000000000000000e+00
0.000000000000000000e+00
