0.000000000000000000e+00
8.569714628502875589e-03
9.855171822778306667e-02
8.998200359928018588e-02
3.599280143971207435e-01
1.148341760219385277e+00
2.305253235067273643e+00
4.117747878995631439e+00
6.517267974976436840e+00
8.355471762790303458e+00
8.068386322735456417e+00
6.945753706401580629e+00
4.781900762704597518e+00
3.153654983289062574e+00
1.773930928100097670e+00
8.826806067357949592e-01
5.741708801096917503e-01
2.956551546833495747e-01
1.414002913702976372e-01
5.998800239952004759e-02
5.141828777101717374e-02
2.570914388550865973e-02
3.427885851401154399e-02
1.285457194275429343e-02
8.569714628502863446e-03
2.142428657125715688e-02
4.284857314251455142e-03
0.000000000000000000e+00
0.000000000000000000e+00
0.000000000000000000e+00
1.713942925700572689e-02
0.000000000000000000e+00
8.569714628502863446e-03
8.569714628502863446e-03
0.000000000000000000e+00
8.569714628502885997e-03
4.284857314251431723e-03
0.000000000000000000e+00
8.569714628502863446e-03
0.000000000000000000e+00
0.000000000000000000e+00
8.569714628502863446e-03
8.569714628502958856e-03
4.284857314251431723e-03
1.285457194275429343e-02
1.285457194275429343e-02
0.000000000000000000e+00
4.284857314251431723e-03
4.284857314251431723e-03
1.285457194275429343e-02
4.284857314251431723e-03
8.569714628502863446e-03
4.284857314251479428e-03
0.000000000000000000e+00
1.285457194275429343e-02
0.000000000000000000e+00
4.284857314251431723e-03
0.000000000000000000e+00
4.284857314251431723e-03
0.000000000000000000e+00
0.000000000000000000e+00
0.000000000000000000e+00
0.000000000000000000e+00
0.000000000000000000e+00
0.000000000000000000e+00
0.000000000000000000e+00
0.000000000000000000e+00
0.000000000000000000e+00
0.000000000000000000e+00
