0
0.00999999999999999
0.03
0.015
0.205
0.395
1.06
2.075
4.155
6.15999999999999
7.43
6.325
3.83
2.475
1.385
1.035
0.889999999999999
0.690000000000001
0.554999999999999
0.58
0.550000000000001
0.709999999999999
0.649999999999999
0.935000000000002
0.879999999999999
0.839999999999999
0.729999999999999
0.894999999999999
0.495000000000002
0.505
0.35
0.395
0.21
0.22
0.21
0.135
0.14
0.0749999999999999
0.105
0.16
0.0599999999999999
0.0900000000000009
0.055
0.0599999999999999
0.0799999999999999
0.015
0.11
0.0849999999999999
0.04
0.055
0.0849999999999999
0.055
0.0599999999999999
0.0649999999999999
0.11
0.115
0.0949999999999999
0.0400000000000004
0.04
0.11
0.05
0.03
0
0
0
0.005
0
0
0
0
