0
0.00999999999999999
0.015
0.03
0.165
0.51
1.015
2.12
4.17
6.08999999999999
7.315
6.365
3.8
2.67
1.545
0.959999999999999
0.759999999999999
0.590000000000001
0.624999999999999
0.634999999999999
0.560000000000001
0.744999999999999
0.719999999999999
0.745000000000001
0.894999999999999
0.834999999999999
0.585
0.809999999999999
0.580000000000003
0.505
0.385
0.335
0.245
0.235
0.18
0.145
0.145
0.0949999999999999
0.0849999999999999
0.0999999999999999
0.11
0.105000000000001
0.0849999999999999
0.04
0.0649999999999999
0.02
0.0849999999999999
0.0899999999999999
0.035
0.045
0.045
0.0999999999999999
0.0949999999999999
0.0799999999999999
0.0899999999999999
0.0999999999999999
0.0899999999999999
0.0500000000000005
0.125
0.0849999999999999
0.0849999999999999
0.045
0.005
0
0
0.005
0
0
0
0
