0
0.005
0.005
0.02
0.17
0.385
1.01
2.08
4.385
6.02999999999999
7.235
6.21
3.99
2.575
1.245
1.015
0.764999999999999
0.740000000000001
0.629999999999999
0.744999999999999
0.530000000000001
0.744999999999999
0.719999999999999
0.830000000000002
0.864999999999999
0.839999999999999
0.719999999999999
0.769999999999999
0.585000000000003
0.605
0.43
0.35
0.195
0.185
0.2
0.12
0.11
0.11
0.0949999999999999
0.0899999999999999
0.0749999999999999
0.105000000000001
0.05
0.0599999999999999
0.0749999999999999
0.015
0.105
0.105
0.03
0.045
0.055
0.0949999999999999
0.0649999999999999
0.0599999999999999
0.115
0.135
0.0949999999999999
0.0700000000000007
0.0999999999999999
0.0749999999999999
0.0999999999999999
0.015
0.005
0
0
0.015
0
0
0
0
