0.000000000000000000e+00
9.139097057210752301e-03
9.139097057210752301e-03
2.741729117163225690e-02
1.096691646865290276e-01
3.929811734600623385e-01
9.504660939499182115e-01
2.476695302504114071e+00
4.469018460976057483e+00
6.781210016450378575e+00
8.325717419118994655e+00
6.333394260647050800e+00
4.085176384573200536e+00
2.065435934929632733e+00
1.206360811551820955e+00
8.133796380917558411e-01
6.488758910619625286e-01
6.397367940047535839e-01
3.929811734600628936e-01
5.209285322610121005e-01
5.757631146042766490e-01
4.478157558033274421e-01
5.392067263754350970e-01
5.757631146042766490e-01
6.214585998903302544e-01
5.574849204898550958e-01
6.123195028331228640e-01
4.478157558033262209e-01
4.569548528605369420e-01
4.843721440321718807e-01
3.015902028879544061e-01
3.655638822884295647e-01
2.467556205446899686e-01
2.010601352586362800e-01
2.284774264302697755e-01
2.010601352586368074e-01
1.279473588009503726e-01
1.553646499725825636e-01
1.096691646865288611e-01
1.919210382014255312e-01
1.005300676293181400e-01
1.096691646865288611e-01
1.370864558581625925e-01
1.188082617437396099e-01
1.005300676293181400e-01
6.397367940047518631e-02
3.655638822884296063e-02
6.397367940047518631e-02
7.311277645768592126e-02
1.005300676293181400e-01
1.553646499725825636e-01
1.553646499725825636e-01
1.553646499725842844e-01
9.139097057210739117e-02
8.225187351489665621e-02
9.139097057210739117e-02
1.005300676293181400e-01
1.645037470297933124e-01
1.096691646865288611e-01
1.370864558581625925e-01
6.397367940047518631e-02
4.569548528605369558e-02
3.655638822884296063e-02
0.000000000000000000e+00
0.000000000000000000e+00
0.000000000000000000e+00
0.000000000000000000e+00
0.000000000000000000e+00
0.000000000000000000e+00
