5.905279319711825847e-03
0.000000000000000000e+00
1.181055863942365169e-02
7.676863115625373601e-02
2.244006141490493544e-01
3.956537144206923040e-01
8.326443840793673612e-01
1.966458013464037702e+00
4.352190858627615455e+00
6.637533955356091475e+00
6.891460966103700514e+00
5.574583677807963156e+00
3.779378764615562769e+00
2.432975079721275691e+00
1.753867957954414525e+00
1.494035667887089858e+00
1.375930081492853230e+00
1.246013936459196891e+00
1.151529467343807456e+00
1.098381953466397887e+00
9.566552497933143995e-01
9.861816463918762210e-01
7.499704736034028540e-01
6.613912838077236067e-01
5.550962560529107970e-01
5.373804180937754582e-01
4.310853903389650355e-01
4.606117869375216944e-01
3.188850832644381517e-01
2.421164521081858312e-01
2.066847761899135993e-01
1.358214243533718002e-01
1.653478209519309017e-01
1.417267036730835983e-01
1.062950277548132955e-01
1.535372623125076663e-01
1.358214243533718002e-01
8.857918979567724893e-02
7.676863115625362499e-02
9.448446911538907478e-02
6.495807251682998718e-02
9.448446911538907478e-02
6.495807251683070882e-02
6.495807251682998718e-02
6.495807251682998718e-02
7.086335183654179914e-02
1.771583795913544979e-02
2.952639659855908413e-02
8.267391047596545084e-02
6.495807251682998718e-02
7.086335183654179914e-02
8.267391047596545084e-02
3.543167591827129509e-02
6.495807251682998718e-02
5.314751387740635630e-02
1.358214243533718002e-01
8.267391047596545084e-02
8.267391047596545084e-02
9.448446911538907478e-02
6.495807251683070882e-02
5.314751387740635630e-02
2.362111727884726869e-02
2.952639659855908413e-02
0.000000000000000000e+00
0.000000000000000000e+00
0.000000000000000000e+00
0.000000000000000000e+00
0.000000000000000000e+00
0.000000000000000000e+00
