6.532532009406850047e-03
0.000000000000000000e+00
1.306506401881370009e-02
5.879278808466164435e-02
1.567807682257643942e-01
4.899399007055136868e-01
1.117062973608571097e+00
2.305983799320617589e+00
4.095897569898094837e+00
6.748105565717275489e+00
7.159655082309907215e+00
5.983799320616673967e+00
3.926051737653511342e+00
2.417036843480537822e+00
1.430624510060101828e+00
1.077867781552128701e+00
8.165665011758550529e-01
6.205905408936516210e-01
4.768748366867006649e-01
4.572772406584788007e-01
5.160700287431403410e-01
5.356676247713624273e-01
7.381761170629750346e-01
7.577737130911934571e-01
6.467206689312772205e-01
8.230990331852618969e-01
8.100339691664527608e-01
7.055134570159388163e-01
4.572772406584788007e-01
3.919519205644125814e-01
3.592892605173762521e-01
3.135615364515282888e-01
2.613012803762735925e-01
2.221060883198325564e-01
1.829108962633925473e-01
2.090410243010194513e-01
1.698458322445778601e-01
1.633133002351710161e-01
1.633133002351710161e-01
1.175855761693231222e-01
9.798798014110260413e-02
9.145544813169577403e-02
7.839038411288296038e-02
6.532532009406839812e-02
9.145544813169577403e-02
5.879278808466156109e-02
8.492291612228893005e-02
1.045205121505094481e-01
9.798798014110260413e-02
1.045205121505094481e-01
7.839038411288207220e-02
8.492291612228893005e-02
9.798798014110368659e-02
8.492291612228893005e-02
1.763783642539847041e-01
9.798798014110260413e-02
1.175855761693231222e-01
1.175855761693231222e-01
1.371831721975436402e-01
7.185785210347603313e-02
5.226025607525472405e-02
7.185785210347524210e-02
1.959759602822051805e-02
6.532532009406840506e-03
0.000000000000000000e+00
6.532532009406840506e-03
0.000000000000000000e+00
0.000000000000000000e+00
0.000000000000000000e+00
