0.000000000000000000e+00
7.485029940119764837e-03
2.245508982035929538e-02
2.245508982035929538e-02
1.197604790419162374e-01
3.368263473053893509e-01
8.083832335329345087e-01
1.901197604790419993e+00
3.592814371257486705e+00
5.688622754491021283e+00
5.830838323353296992e+00
5.044910179640720749e+00
3.705089820359278363e+00
2.455089820359286357e+00
1.549401197604793445e+00
1.339820359281435946e+00
1.212574850299400042e+00
1.279940119760481387e+00
9.655688622754509121e-01
1.040419161676645832e+00
9.281437125748495109e-01
8.532934131736543693e-01
8.083832335329356189e-01
8.233532934131729819e-01
6.886227544910173970e-01
6.661676646706581328e-01
4.865269461077866842e-01
5.688622754491012845e-01
4.790419161676642834e-01
6.137724550898232545e-01
4.640718562874247555e-01
3.592814371257481709e-01
3.293413173652691706e-01
2.395209580838321417e-01
2.769461077844324048e-01
2.095808383233536965e-01
1.646706586826345853e-01
2.769461077844309060e-01
2.544910179640716419e-01
2.470059880239518779e-01
2.395209580838321417e-01
1.571856287425148213e-01
2.095808383233554451e-01
1.646706586826345853e-01
2.320359281437123777e-01
2.320359281437123777e-01
1.272455089820358209e-01
1.272455089820358209e-01
1.197604790419160709e-01
1.497005988023950851e-01
1.422155688622753211e-01
2.020958083832333496e-01
1.497005988023967504e-01
2.095808383233531136e-01
1.497005988023950851e-01
1.571856287425148213e-01
1.347305389221555572e-01
1.272455089820358209e-01
1.122754491017963069e-01
1.047904191616777225e-01
4.491017964071852137e-02
2.994011976047901771e-02
1.497005988023950886e-02
0.000000000000000000e+00
0.000000000000000000e+00
0.000000000000000000e+00
0.000000000000000000e+00
0.000000000000000000e+00
0.000000000000000000e+00
