0
0.025
0
0.025
0.075
0.4
0.819999999999999
2.48
4.485
6.64499999999999
8.43000000000001
6.535
4.17
1.95
1.27
0.844999999999999
0.714999999999999
0.710000000000001
0.375
0.425
0.600000000000001
0.435
0.48
0.525000000000001
0.57
0.619999999999999
0.475
0.4
0.490000000000002
0.515
0.35
0.4
0.325
0.18
0.205
0.15
0.105
0.13
0.0849999999999999
0.2
0.105
0.140000000000001
0.14
0.0999999999999999
0.0899999999999999
0.0749999999999999
0.02
0.045
0.0749999999999999
0.0999999999999999
0.125
0.175
0.155
0.105
0.12
0.12
0.0999999999999999
0.180000000000002
0.105
0.155
0.0799999999999999
0.05
0.02
0
0
0
0
0
0
0
