0
0.005
0.015
0.025
0.09
0.315
0.889999999999999
2.37
4.385
6.92499999999999
8.505
6.36
4.165
2.025
1.26
0.789999999999999
0.709999999999999
0.625000000000001
0.395
0.485
0.500000000000001
0.395
0.47
0.635000000000001
0.784999999999999
0.58
0.525
0.475
0.425000000000002
0.49
0.26
0.35
0.225
0.14
0.205
0.21
0.145
0.16
0.155
0.195
0.11
0.140000000000001
0.125
0.0699999999999999
0.145
0.0749999999999999
0.025
0.05
0.0849999999999999
0.0949999999999999
0.15
0.205
0.215
0.0799999999999999
0.045
0.0949999999999999
0.105
0.165000000000002
0.105
0.115
0.0799999999999999
0.03
0.025
0
0
0
0
0
0
0
