0
0.02
0.005
0.04
0.14
0.46
0.944999999999999
2.52
4.52
7.02499999999999
8.015
6.045
4.26
2.285
1.065
0.739999999999999
0.634999999999999
0.645000000000001
0.43
0.495
0.575000000000001
0.425
0.52
0.500000000000001
0.595
0.554999999999999
0.57
0.44
0.450000000000002
0.53
0.375
0.355
0.32
0.195
0.245
0.17
0.145
0.17
0.135
0.16
0.11
0.130000000000001
0.12
0.13
0.135
0.035
0.045
0.055
0.0749999999999999
0.0599999999999999
0.2
0.14
0.15
0.115
0.0599999999999999
0.105
0.0799999999999999
0.135000000000001
0.0849999999999999
0.145
0.0849999999999999
0.0599999999999999
0.025
0
0
0
0
0
0
0
