4.338389528050840660e+00
4.183721383586001430e+00
4.139297356160579255e+00
4.093472199855319182e+00
4.087027007008068757e+00
4.060323138945292065e+00
4.034179722434449111e+00
3.997849274773732198e+00
3.976172986809193954e+00
3.945397603060301961e+00
3.920919057336089253e+00
3.902803285113254361e+00
3.877681868491233974e+00
3.875407094545145981e+00
3.840972291839503061e+00
3.817944326602650928e+00
3.807477069676808767e+00
3.770042202781396679e+00
3.752898978839861233e+00
3.739003077125712338e+00
3.713700337942772212e+00
3.711376112389160209e+00
3.683518373484163444e+00
3.673479697156860624e+00
3.658182666562874719e+00
3.635781088354655299e+00
3.618703799889817940e+00
3.616214735644460276e+00
3.601016608265521501e+00
3.574444611156140539e+00
3.566614773298227625e+00
3.552570516761507591e+00
3.516858214194836130e+00
3.493236829667700771e+00
3.456444833670095917e+00
3.434183368349861265e+00
3.400482097822485450e+00
3.377058519725444796e+00
3.343975394292114878e+00
3.332032831075150803e+00
3.303993769609234743e+00
3.275196450161288908e+00
3.252580581653801151e+00
3.233863148206095328e+00
3.206178489927431485e+00
3.199016248771088478e+00
3.167301284479246526e+00
3.149309141275220991e+00
3.119205475195191646e+00
3.083550866170631899e+00
3.049676515016923606e+00
3.016086510606476256e+00
2.981350877288397427e+00
2.950975227366988474e+00
2.922383956283724604e+00
2.888624992214238407e+00
2.863923914256169212e+00
2.833045506324936014e+00
2.807104017211481839e+00
2.782213374757905200e+00
2.762783013968400425e+00
2.736371734583471493e+00
2.712292922686741381e+00
2.694148303692851076e+00
2.656342549741012249e+00
2.618038158746642807e+00
2.580483783799714992e+00
2.543613489423531604e+00
2.511603875970194633e+00
2.476357242707705186e+00
2.447518713586823047e+00
2.420248212521169950e+00
2.395176247506674017e+00
2.371017076747718555e+00
2.343136672522606823e+00
2.316595582667928532e+00
2.293470774699676085e+00
2.272505353593290423e+00
2.254441093461626355e+00
2.228145201160918631e+00
2.199594109508768103e+00
2.163651032773653782e+00
2.131667175365901556e+00
2.098509872521286734e+00
2.067919932300608110e+00
2.037222846930295539e+00
2.011891260976299556e+00
1.987316902762509940e+00
1.958850290939878835e+00
1.936475499019068458e+00
1.913740122460064974e+00
1.896419696924902532e+00
1.875014362559920711e+00
1.857019128630424731e+00
1.841286305745136742e+00
1.824136900352660184e+00
1.799223077458057318e+00
1.769798340739655140e+00
1.740901602955750249e+00
1.715091469674780988e+00
1.692977328935293624e+00
1.672410611414567150e+00
1.652120513823426506e+00
1.634263332298267590e+00
1.616666801954431243e+00
1.597177202260079865e+00
1.583028376178283736e+00
1.568857915018196270e+00
1.554513858110864177e+00
1.539792217575252309e+00
1.529355867904112820e+00
1.517465331899230829e+00
1.502186330537154557e+00
1.484066694907481887e+00
1.466640154464508239e+00
1.450544428896924032e+00
1.436003853361776272e+00
1.421251305571462398e+00
1.407991063062357107e+00
1.395217094693901316e+00
1.385372618950310830e+00
1.376006948094149696e+00
1.366337613460538725e+00
1.355004438282121360e+00
1.344399386512398431e+00
1.332500351012473105e+00
1.323485477497182927e+00
1.315644564539668382e+00
1.304277262600850307e+00
1.289226974923570967e+00
1.278220901524086184e+00
1.269315619982761323e+00
1.259624135149946866e+00
1.249439164483719500e+00
1.241202509885787730e+00
1.233977037637532082e+00
1.224868927237223515e+00
1.219502526359310668e+00
1.214298517348813000e+00
1.209378082400208498e+00
1.202608620939039863e+00
1.196538178555054621e+00
1.192646697627580465e+00
1.189505361527776639e+00
1.184339922195542627e+00
1.177101765094836772e+00
1.170037268131488783e+00
1.161613495862380052e+00
1.154680354731517200e+00
1.147327068107045100e+00
1.141204018999951941e+00
1.136969016814484590e+00
1.132272208731674112e+00
1.128227930063765871e+00
1.124521957054619437e+00
1.119692440946931100e+00
1.115800380508431333e+00
1.112291505638125955e+00
1.107614980441214092e+00
1.104199600016383176e+00
1.099451376427573068e+00
1.094906046087860796e+00
1.090703142374204404e+00
1.085352484879155588e+00
1.081577260302442056e+00
1.075936171198362601e+00
1.070513364580618187e+00
1.066456497645429824e+00
1.063390594564133984e+00
1.060711354117186200e+00
1.059130383649050211e+00
1.055733032456129150e+00
1.054382288840467918e+00
1.051704658146369376e+00
1.050008654739638558e+00
1.049425763232987530e+00
1.044074606714555431e+00
1.041305783521556450e+00
1.037606233426278113e+00
1.033740234886405096e+00
1.034424637407718617e+00
1.031674503445297653e+00
1.027438454920478694e+00
1.023404478670804529e+00
1.021827114049050245e+00
1.018566253800202492e+00
1.016727352633058912e+00
1.018366032740834370e+00
1.018553697727979657e+00
1.015778451621113021e+00
1.014415667054140879e+00
1.013698264599421250e+00
1.012157376977226964e+00
1.011520244848326477e+00
1.009158568394680433e+00
1.008914103278255370e+00
1.007460303285196535e+00
1.006951267239261316e+00
1.006213090924024112e+00
1.006017417416454229e+00
1.005647600845671619e+00
1.003256152013082048e+00
1.002821108256854554e+00
1.003765010986203743e+00
1.004755918498746237e+00
1.004857332928237978e+00
1.004760514343130406e+00
1.003825207693995081e+00
1.002174740170982403e+00
1.003457588435851200e+00
1.002221889831931723e+00
1.001494897274613605e+00
1.001071709348119398e+00
1.001543451444923960e+00
1.000156359609930767e+00
1.000137791110816465e+00
1.001324810788579933e+00
1.000923410866898289e+00
9.999246477604523120e-01
9.998016063014331101e-01
1.001383667377124365e+00
1.002774469692434556e+00
1.001703070513056293e+00
1.001283544774294043e+00
1.001668434668317342e+00
1.002295686939106867e+00
1.002292302433741567e+00
1.001510519926013698e+00
1.002280076360852812e+00
1.000581161313656153e+00
1.001276113752704422e+00
1.002612413860926921e+00
1.001212409795893210e+00
1.001437173549636572e+00
9.995335462326225828e-01
9.996336145062945100e-01
9.993676108967486371e-01
9.997673789314796000e-01
9.990590937144585570e-01
9.998826010160344335e-01
1.000111496804122480e+00
1.001646502791844195e+00
1.001614847002066933e+00
1.001240476842912397e+00
1.001485686470030334e+00
1.001709750987379799e+00
1.000642762530807861e+00
1.000252266672487789e+00
1.001091157174727631e+00
9.992291671212503168e-01
9.979860686847026319e-01
1.000442034399292135e+00
1.000667264981361937e+00
1.001136275528800468e+00
1.000413521651952964e+00
1.000278749119046129e+00
1.000408679314163773e+00
1.000376145202988454e+00
1.000981984742598696e+00
9.993946441806100811e-01
9.997525495864051370e-01
1.000932992417684630e+00
9.995234299420616697e-01
1.000949801758763247e+00
1.002015984332815135e+00
9.994937008252258170e-01
9.996061948817492882e-01
9.997495202327623121e-01
1.001869647234830962e+00
1.000468462516691970e+00
9.999978895028942549e-01
