4.256559049002431649e+00
4.111758086251914079e+00
4.069141022529170648e+00
4.022641802534002053e+00
4.022225857219098977e+00
3.994340190065827301e+00
3.969244822733362543e+00
3.934946665308673985e+00
3.912381631975200058e+00
3.884305323219265027e+00
3.860180494954905672e+00
3.839452553428918780e+00
3.813750599178886702e+00
3.814027896055488753e+00
3.778291261083428054e+00
3.760960206295814068e+00
3.746939382972633403e+00
3.717459258778901710e+00
3.694374293801799602e+00
3.683854343545717835e+00
3.660214784815412070e+00
3.660110798486686523e+00
3.627875036581723833e+00
3.615951270887844515e+00
3.606228549151992979e+00
3.582848956243501526e+00
3.562536960032418154e+00
3.562155676827090112e+00
3.547077659161866237e+00
3.519001350405930317e+00
3.510023864025946683e+00
3.496730945003846180e+00
3.463715285633440999e+00
3.443723913935928138e+00
3.408723848792341027e+00
3.385985504910991484e+00
3.353914388026510540e+00
3.328888344913195851e+00
3.300344097677994970e+00
3.288108372997939455e+00
3.258766897242508342e+00
3.229278107521382779e+00
3.207943579077829455e+00
3.187943541852922724e+00
3.165109877170240615e+00
3.156522339522978449e+00
3.127189529294940762e+00
3.112016190828384321e+00
3.079061190149735339e+00
3.044988336437286058e+00
3.013359161449889800e+00
2.981136397836018581e+00
2.946067008473280513e+00
2.918112017100858768e+00
2.890611965916612291e+00
2.857947260405655943e+00
2.834788638445706166e+00
2.804437628748896572e+00
2.778432381040081278e+00
2.753913271279304187e+00
2.735494692803766892e+00
2.710589967073965489e+00
2.685039659553324576e+00
2.669012766638477974e+00
2.631638346988988353e+00
2.594276925630588870e+00
2.558202335090169921e+00
2.524655912166894112e+00
2.491798398671425829e+00
2.456341226957815316e+00
2.428514052114452149e+00
2.402887921229115875e+00
2.378269157903309505e+00
2.353760880051774418e+00
2.327640814104991573e+00
2.301340938464787378e+00
2.278849562114160676e+00
2.257651515727059799e+00
2.239564393674335907e+00
2.214542683324717487e+00
2.186770751218490183e+00
2.151147851293472968e+00
2.120748098005073246e+00
2.086792228912440095e+00
2.056483463661675337e+00
2.026468243151375859e+00
2.001327381800092731e+00
1.977168974617082631e+00
1.948793705166061319e+00
1.927214375573633065e+00
1.904186819715514734e+00
1.886956501683853427e+00
1.866562182962528293e+00
1.848259505915883283e+00
1.833147909332007996e+00
1.816554507563791443e+00
1.792138300940815832e+00
1.762588852527933181e+00
1.734380936074704671e+00
1.708397893779836085e+00
1.687053616617965046e+00
1.666589973677489400e+00
1.645742881149837800e+00
1.628648503579166906e+00
1.610254296899424897e+00
1.591211800451533875e+00
1.577701160053663898e+00
1.563893183747094628e+00
1.550080874676828202e+00
1.534833879227424536e+00
1.524112997054898777e+00
1.512617633371551307e+00
1.498060901338610584e+00
1.480564118339589896e+00
1.462766208263634127e+00
1.446649681299808199e+00
1.432254886310039055e+00
1.417904772945894898e+00
1.404858009061324520e+00
1.392953470006351058e+00
1.383880121229572824e+00
1.374444174290910148e+00
1.364753677485054162e+00
1.353502031759657775e+00
1.343573232950472374e+00
1.331545480927867731e+00
1.322641380732999750e+00
1.315496924194536899e+00
1.304554258680275858e+00
1.289195152970215030e+00
1.277613946406122913e+00
1.269230996444673076e+00
1.259943175864898013e+00
1.249982693721178872e+00
1.241776710076974544e+00
1.234412907376356117e+00
1.225404008459569205e+00
1.220117630552750132e+00
1.215616430667129322e+00
1.210239741717003215e+00
1.203116136603831654e+00
1.197755830916434450e+00
1.193608699064169887e+00
1.190915344831082523e+00
1.185369001102449138e+00
1.177664805653892532e+00
1.171336330378535351e+00
1.163067453961293296e+00
1.156605475404525407e+00
1.149260425446782197e+00
1.143665338126559128e+00
1.139965293328268903e+00
1.134580818943374814e+00
1.130615460068082001e+00
1.126514025332933322e+00
1.121678254850592360e+00
1.117927977073191581e+00
1.114792613243586805e+00
1.110208278454531738e+00
1.106717695701213922e+00
1.101929551769822435e+00
1.097087823737398216e+00
1.092725238440362068e+00
1.088009939098624868e+00
1.083354384506301837e+00
1.077441245250952750e+00
1.071487824833108782e+00
1.067617549811133548e+00
1.064851080190660548e+00
1.062179660573788542e+00
1.060128266211886494e+00
1.057207475734427859e+00
1.055515159163906702e+00
1.053143986531343446e+00
1.051678023014269492e+00
1.051429870743472383e+00
1.046414053619695306e+00
1.043493432390818487e+00
1.039452402474553727e+00
1.034861822412826093e+00
1.035276921484819201e+00
1.032172310122547731e+00
1.027971052573788624e+00
1.024033856662525777e+00
1.022617398355660123e+00
1.019661319548873069e+00
1.017753769556736909e+00
1.018261633776475161e+00
1.018399757544172113e+00
1.015826603653957161e+00
1.014329549172386047e+00
1.013676503519085115e+00
1.012615746494391455e+00
1.011299229475143946e+00
1.008844388806113379e+00
1.008184683221114319e+00
1.007062565123048925e+00
1.006504620247923532e+00
1.005792295278808535e+00
1.005322825099876693e+00
1.005091614612128925e+00
1.002807376513664028e+00
1.002539252910201739e+00
1.002889267440021381e+00
1.004267247081789494e+00
1.004968850153240334e+00
1.004168761331975857e+00
1.003937643930948198e+00
1.002088713185156799e+00
1.002580968454428234e+00
1.002141315644414554e+00
1.001986808613988256e+00
1.001792409692806141e+00
1.001965919107766112e+00
9.999340729570747044e-01
1.000307553802776361e+00
1.001074609532066617e+00
1.000869209453060016e+00
1.000111623181927811e+00
1.000158246935029416e+00
1.001127296615615059e+00
1.002249000054654893e+00
1.000542525840256936e+00
1.000414992802572733e+00
1.001091365141675515e+00
1.001838834578824278e+00
1.002654898350613610e+00
1.001096142182900106e+00
1.001835252855709513e+00
1.000651760990629136e+00
1.001135335923255765e+00
1.003041508655056813e+00
1.001405405885410271e+00
1.001586484943195909e+00
9.995873037688133289e-01
9.989869896268138705e-01
9.988355967702952087e-01
9.993725907865873559e-01
9.986113804801948213e-01
9.995877205434462454e-01
9.995727811826817799e-01
1.001851369551921778e+00
1.001702000273760662e+00
1.001389990513009032e+00
1.001174859698346520e+00
1.001078823821756059e+00
9.999365672580506903e-01
1.000240829664965414e+00
1.001004361850341029e+00
9.984285232544953814e-01
9.980985160226648611e-01
1.000682076585060143e+00
1.001620534584465316e+00
1.001134620847997425e+00
9.999210958220567935e-01
9.996915587796627589e-01
1.000875738746008992e+00
1.000195116680794971e+00
1.000471632369411168e+00
9.991229607641098909e-01
1.000258076624363834e+00
1.001644117787649169e+00
1.000164131496661835e+00
1.001183102104285627e+00
1.001886342126864671e+00
9.994120130125287993e-01
9.999241311895930018e-01
9.996390372423833437e-01
1.001822314330524266e+00
1.000916559917260473e+00
1.000734325737903108e+00
