4.135132023083945008e+00
3.990369601122994325e+00
3.958807602780048285e+00
3.911610388167904961e+00
3.916366555354689361e+00
3.889688284238018490e+00
3.861278841156809971e+00
3.827311424926294503e+00
3.812441568894051613e+00
3.785253057619412331e+00
3.761545113136633312e+00
3.738383854537392637e+00
3.715331933114859542e+00
3.716170184802951582e+00
3.681929425630667385e+00
3.660408224682041300e+00
3.646285506023968725e+00
3.616509348233913457e+00
3.596883325014887944e+00
3.584692229811982767e+00
3.564100394865372667e+00
3.565959126869402862e+00
3.534014448407979625e+00
3.519545495356998455e+00
3.509450029374323599e+00
3.491937858238312486e+00
3.468977051129702449e+00
3.470762891682594553e+00
3.458134447772858611e+00
3.430490364928604041e+00
3.418572612667468036e+00
3.409333621235670631e+00
3.377589394264878031e+00
3.359758323030136218e+00
3.327175844371251578e+00
3.299850661625726822e+00
3.271587001446795373e+00
3.247496376845539601e+00
3.222376160496953190e+00
3.207305852974079663e+00
3.182094522311570195e+00
3.151935684403039062e+00
3.133439478676658396e+00
3.113266769574094539e+00
3.094187432238606483e+00
3.085841361083254686e+00
3.056748560647623236e+00
3.043609876579918883e+00
3.009291670240799466e+00
2.978422140683668840e+00
2.947848732646787262e+00
2.918122687729390208e+00
2.883535694164198748e+00
2.857622783284481827e+00
2.832493455504503377e+00
2.800143318346122179e+00
2.778421665906865901e+00
2.749392645490980502e+00
2.725379468056559062e+00
2.700491593208476537e+00
2.684583033997510526e+00
2.659417260491963031e+00
2.633303898121615472e+00
2.618839500786330543e+00
2.584434735848984754e+00
2.547121146439645489e+00
2.513390627425330592e+00
2.481010878114924711e+00
2.448111777215157492e+00
2.414513373956030495e+00
2.389764448436680677e+00
2.365357201594542325e+00
2.341145850527338368e+00
2.317538131789874889e+00
2.292133183210278702e+00
2.267236196930804137e+00
2.243876764698780946e+00
2.224134570729502602e+00
2.205412857076162858e+00
2.182385992089958648e+00
2.154818217483613907e+00
2.120839411963858723e+00
2.092335437781954965e+00
2.059374834720289815e+00
2.030827581239272206e+00
2.001185817062254291e+00
1.975700004529052034e+00
1.952436242326647697e+00
1.925395791812133162e+00
1.903962288390658397e+00
1.881408078907929937e+00
1.865547354711774020e+00
1.845109275169908747e+00
1.827426264695291680e+00
1.812530213297796067e+00
1.797213897127330373e+00
1.772894347812343119e+00
1.744360192013952204e+00
1.717134665549281181e+00
1.691634046940066138e+00
1.670332089809317910e+00
1.650348442908143864e+00
1.630402950125924733e+00
1.613107175485481104e+00
1.596030644662914444e+00
1.576139251004587294e+00
1.563407734027226326e+00
1.550506516640183907e+00
1.537074558374539324e+00
1.521982611202109092e+00
1.511043198886722339e+00
1.499875431322065911e+00
1.485012408863367384e+00
1.467895161331766340e+00
1.449857374497311557e+00
1.434222727692577193e+00
1.421560115915120548e+00
1.407685683762487372e+00
1.395276198938398160e+00
1.383436463308559183e+00
1.374891933788193743e+00
1.365103693882778524e+00
1.356792644791840807e+00
1.345499879777771080e+00
1.336401261335860902e+00
1.325040160586349103e+00
1.316255032330780228e+00
1.309558699721897757e+00
1.298863445294601737e+00
1.284460123022868050e+00
1.272976729780137539e+00
1.265400432211320148e+00
1.256335412172669086e+00
1.246957898510485219e+00
1.238165224850794832e+00
1.231280541871099476e+00
1.222860440335685084e+00
1.217955927656545700e+00
1.212960158297367697e+00
1.207872278061457916e+00
1.201035287730456647e+00
1.196326813192367222e+00
1.192148367702302147e+00
1.189518296084467019e+00
1.184279507766122341e+00
1.176961177598599306e+00
1.170519537970355017e+00
1.162104276882867548e+00
1.155543192083714699e+00
1.148904375385496168e+00
1.142741702160583239e+00
1.139271100996807951e+00
1.133915074182344940e+00
1.129684166778716303e+00
1.126018452853641882e+00
1.120908221137597804e+00
1.117128258404830543e+00
1.114075074691715184e+00
1.109953504464794127e+00
1.106181158319206492e+00
1.101559135604757378e+00
1.097375209019245235e+00
1.092816432451609199e+00
1.088319442778101998e+00
1.083068695706054907e+00
1.077567775777537262e+00
1.071182477539503797e+00
1.067117924941842322e+00
1.064748917188313992e+00
1.062619333649535980e+00
1.059871026972774022e+00
1.057262737370611161e+00
1.055478391661931914e+00
1.052593591471929768e+00
1.050788175578156292e+00
1.050497286012650910e+00
1.045450229260362462e+00
1.042451162466903281e+00
1.038296278568954012e+00
1.033945374325719424e+00
1.034731573402829952e+00
1.031123179635010656e+00
1.026870685969118568e+00
1.023259907568864202e+00
1.021977722741099326e+00
1.019625852308724934e+00
1.018329929150813884e+00
1.018028895999579131e+00
1.018346194479510247e+00
1.016032495961855409e+00
1.015259109835140450e+00
1.014611432988415718e+00
1.012660456639420392e+00
1.011444703400302902e+00
1.008963119640939432e+00
1.008046370835910643e+00
1.006946601491518489e+00
1.006088382955727001e+00
1.005369380685134484e+00
1.004731251266031133e+00
1.004804792262571578e+00
1.002363382441426864e+00
1.002195354833602448e+00
1.002475664817148893e+00
1.004237712432987095e+00
1.004485384984554308e+00
1.003157126922659348e+00
1.002384167894290634e+00
1.000874553197006911e+00
1.000941545352233897e+00
1.000525475930730046e+00
1.001027151877063481e+00
1.000904779302904890e+00
1.000969164378641807e+00
9.989253519755143529e-01
9.995010227103812150e-01
1.000785294091526501e+00
1.001312458021476059e+00
1.000889982124774757e+00
1.000316478024227962e+00
1.001160967127755708e+00
1.002273989867713322e+00
1.000510340633075757e+00
1.000087651187200777e+00
9.998519574095710016e-01
1.001364737528454230e+00
1.002111736985448864e+00
1.001165805351212246e+00
1.002095033436053217e+00
1.000676677643278722e+00
1.000985750031098354e+00
1.002147855713846569e+00
1.001603076201573739e+00
1.001220558469447353e+00
9.998054081387420799e-01
9.992816854647404989e-01
9.995350459875161908e-01
9.998119102661735536e-01
9.991484930658036667e-01
9.995968884934092191e-01
9.994654278447990814e-01
1.001209339352204353e+00
1.000596195186371995e+00
9.997624447144474180e-01
1.000042644586701446e+00
1.000502121214375650e+00
9.998781082854127922e-01
9.998041346293493614e-01
1.001381665749375927e+00
9.991993389015090266e-01
9.980794525576548448e-01
1.000301784283978535e+00
1.001253763141418229e+00
1.001102483572400281e+00
1.000589257062711734e+00
9.997613202445818636e-01
1.001236957266376848e+00
1.000918250696584577e+00
1.000454309556507049e+00
9.988060680787209655e-01
1.000573322624010331e+00
1.002235317447118579e+00
9.998202153269897252e-01
1.001040746728858899e+00
1.001402170362831967e+00
9.992369719382369064e-01
9.993700536697636139e-01
9.991768128004362426e-01
1.001231168081758049e+00
1.000735876922034695e+00
1.000281464857696090e+00
