3.961035167438151205e+00
3.827494910347708501e+00
3.807049198185356254e+00
3.758075478254689461e+00
3.760264033359391522e+00
3.738436075867753505e+00
3.708698603436313412e+00
3.675447924126272969e+00
3.664178785122234050e+00
3.638972005714564695e+00
3.620446078731775597e+00
3.597351063021625883e+00
3.575369522715623027e+00
3.573872090275564073e+00
3.537741733196176686e+00
3.521807516205799349e+00
3.505124582995391425e+00
3.472392245683832535e+00
3.460297599052582385e+00
3.448068567458762335e+00
3.425127134562977016e+00
3.432902264540209192e+00
3.408425003500774153e+00
3.391569289624206007e+00
3.379762610769889708e+00
3.363425238891803559e+00
3.343325088061773087e+00
3.338967175704163459e+00
3.330692901580244669e+00
3.302606444403229702e+00
3.293564256207484942e+00
3.285712334823069902e+00
3.255600504281614960e+00
3.240462998140756667e+00
3.210101595525958196e+00
3.182955833086928976e+00
3.156568385793828035e+00
3.132676659234158834e+00
3.109236082191687789e+00
3.096229537600144077e+00
3.071301127043511325e+00
3.044126567826789032e+00
3.026147779620175893e+00
3.006517976159138517e+00
2.987963252398656344e+00
2.980408897717073735e+00
2.953858268683709376e+00
2.940611750944720271e+00
2.909333650906680724e+00
2.879130630569196381e+00
2.853659880699336959e+00
2.825669412781300238e+00
2.793028265265770305e+00
2.768075857394392436e+00
2.744467299148709127e+00
2.714096297608013408e+00
2.694960838830713801e+00
2.666768793468822452e+00
2.643299419648657445e+00
2.621841020804085431e+00
2.608901668693826892e+00
2.582408633215849569e+00
2.558934459932735717e+00
2.545995107822477621e+00
2.514225062832174729e+00
2.478262686955999605e+00
2.449348322420298096e+00
2.417705463198140947e+00
2.385289890441209870e+00
2.353373461830965407e+00
2.330952770665136953e+00
2.308505682453089847e+00
2.285273882048896255e+00
2.263909072731828065e+00
2.238959064591925063e+00
2.214337819664021989e+00
2.192289086876733961e+00
2.173991134384018586e+00
2.156374705630048627e+00
2.133466868974905672e+00
2.108581653584812976e+00
2.076606431553444487e+00
2.049562657702079349e+00
2.019179657504011516e+00
1.991391966895565968e+00
1.963087134154375413e+00
1.939840935361334839e+00
1.916558740596177479e+00
1.889736941906199785e+00
1.868876076198767056e+00
1.848024809417232017e+00
1.832260973361540479e+00
1.813048723177058008e+00
1.795506686098795601e+00
1.780821529340871567e+00
1.766154370569005705e+00
1.742866776408031004e+00
1.715915392218432922e+00
1.689679128008222175e+00
1.665662015479012936e+00
1.645008726544120670e+00
1.625369924090053875e+00
1.606148674912541985e+00
1.589228168286163534e+00
1.572547034874361760e+00
1.553178202211171310e+00
1.540757792032263485e+00
1.529917605029283756e+00
1.516213938444411546e+00
1.501878542548889195e+00
1.490660397838682982e+00
1.480230564917835334e+00
1.465598202252349269e+00
1.448751187402375962e+00
1.431498617933219641e+00
1.417094829690675351e+00
1.404621025486461061e+00
1.391021747220727356e+00
1.379231866486732461e+00
1.367924331779103220e+00
1.360173499083049187e+00
1.350934832872833891e+00
1.343206197692919046e+00
1.332068144020672973e+00
1.323309424105348242e+00
1.312032485974018226e+00
1.304441235421015755e+00
1.297562405149491838e+00
1.287470934366542474e+00
1.274046236565575363e+00
1.262774397863628328e+00
1.255640146173292226e+00
1.247377120790659877e+00
1.238309135481564738e+00
1.229429679076432080e+00
1.223134583486069182e+00
1.215044788719248814e+00
1.209910713212870581e+00
1.205118299475167909e+00
1.200641300443138659e+00
1.193676079838534632e+00
1.188842420716114789e+00
1.184839968583158765e+00
1.182605968563658960e+00
1.177680219745906864e+00
1.170903828011698788e+00
1.164942445079502509e+00
1.156408400023473781e+00
1.149865682141590906e+00
1.144397968968654755e+00
1.139053317025393364e+00
1.135455594603925977e+00
1.130176335343343164e+00
1.126173058302693208e+00
1.122342036986943681e+00
1.117759974711298732e+00
1.113956100357853973e+00
1.110970759412023945e+00
1.106561177836105525e+00
1.102856517380807588e+00
1.098735278539866300e+00
1.094877410228246806e+00
1.089942812400682248e+00
1.086118052884249119e+00
1.081004487582816642e+00
1.075596542721916293e+00
1.069610937500149683e+00
1.065614484695879938e+00
1.063195517873825491e+00
1.060504518991659095e+00
1.058168980334146525e+00
1.055488517772985135e+00
1.054129144884315306e+00
1.051111257580362945e+00
1.049347492442443297e+00
1.048654944937237321e+00
1.044195156479376552e+00
1.040706190638247763e+00
1.036969902472032690e+00
1.032440559297217009e+00
1.032741388135022476e+00
1.029553457358622692e+00
1.026096062984704460e+00
1.022925586505200712e+00
1.021412499566850762e+00
1.018610156893850149e+00
1.017932513970849051e+00
1.017100594561103133e+00
1.017322625966196714e+00
1.014970907869133576e+00
1.014274404556575249e+00
1.013603885836388940e+00
1.011573450538370222e+00
1.010096950131054605e+00
1.008107282146248451e+00
1.007577513301409766e+00
1.006099081860173161e+00
1.006042622552866028e+00
1.005336932768257086e+00
1.005060560568798778e+00
1.004342122210731825e+00
1.002426527187297411e+00
1.002411285142854158e+00
1.002586952985945246e+00
1.004671222884970572e+00
1.005203072746947646e+00
1.003119121562258576e+00
1.002345142544089462e+00
1.000871937080575869e+00
1.000589284333899043e+00
1.000820478776165645e+00
1.001922283611227815e+00
1.001915529679480166e+00
1.001564423655099567e+00
9.995016529128579741e-01
1.000188191715426722e+00
1.001401921526289263e+00
1.001758830026383773e+00
1.001102222249588225e+00
1.001118711029524100e+00
1.001766844754550245e+00
1.002627129740240264e+00
1.000759580903025636e+00
1.000356449450194862e+00
9.998489507696155520e-01
1.001762296044792500e+00
1.001744068396932974e+00
1.000917224981692666e+00
1.000905481764486904e+00
1.000723849745026595e+00
1.000206709955769435e+00
1.001667975349105344e+00
1.001311207458277064e+00
1.000859094767607038e+00
9.993314805485831176e-01
9.983989786438338676e-01
9.987167532416898474e-01
9.998192986188867426e-01
1.000067914549220616e+00
1.000181404974850530e+00
9.995795656789374650e-01
1.001205087301677565e+00
1.000967245556357188e+00
1.000372054735242155e+00
1.000796939613279424e+00
1.000126732576966271e+00
9.993520200471257553e-01
9.998730383086391615e-01
1.001004656995086117e+00
9.986263696054528127e-01
9.981098402947592430e-01
1.000720223197705483e+00
1.001482492979242078e+00
1.001135420097309936e+00
1.000962021922122247e+00
1.000187605843484651e+00
1.000595740642700182e+00
1.000307563709482261e+00
1.000291725247401953e+00
9.990318345862283511e-01
1.000729866649871180e+00
1.002123948350001292e+00
9.999029710920280811e-01
1.000645665134366258e+00
1.001209381157140754e+00
9.995424254989179191e-01
9.994624903028946905e-01
9.992092178623657173e-01
1.000994490945148474e+00
1.001042165688557084e+00
1.000434594221563556e+00
