3.779373231321014437e+00
3.651834502501182023e+00
3.639699591521517785e+00
3.598876610792947517e+00
3.594519444770047922e+00
3.576276357122766925e+00
3.545979800851388752e+00
3.513423219212993054e+00
3.504871771878330211e+00
3.478688054563147780e+00
3.458001696248819812e+00
3.445174525246825326e+00
3.416852946097976851e+00
3.417667369653659026e+00
3.386210259815434220e+00
3.373057319391166597e+00
3.353816562888174868e+00
3.324334430172479316e+00
3.316047670493412980e+00
3.303525908324798976e+00
3.281088539365754730e+00
3.291940733245219963e+00
3.262967615251825659e+00
3.251504603705599017e+00
3.235440099069767594e+00
3.225544852868229118e+00
3.205835802820720115e+00
3.199096447897449735e+00
3.190198870551621546e+00
3.169349627526157231e+00
3.160859261958170574e+00
3.154160628212684614e+00
3.125218051102628181e+00
3.114365857223162948e+00
3.083214156218319513e+00
3.059504250453521479e+00
3.031294654543579270e+00
3.014405546057619567e+00
2.986440277214382100e+00
2.977491798396324274e+00
2.954413070887180304e+00
2.928860531827651048e+00
2.915422543158894708e+00
2.894878708966811764e+00
2.874843889497029625e+00
2.867890748390392375e+00
2.845453379431347685e+00
2.833929286118444857e+00
2.803836335735987895e+00
2.775647100414937896e+00
2.752537832022455611e+00
2.727631741660249354e+00
2.696841441108239312e+00
2.672724323565600635e+00
2.650653445206613057e+00
2.623263362999576298e+00
2.606455696869184546e+00
2.579905488953945447e+00
2.558974803572912737e+00
2.537463841408456489e+00
2.523954590678578302e+00
2.501914253202929039e+00
2.477089605196290734e+00
2.465718216300078147e+00
2.436984335226165754e+00
2.403254474652865458e+00
2.376459939670921173e+00
2.346649492459341069e+00
2.316195141624049825e+00
2.286880983766714337e+00
2.266657828849680811e+00
2.244530958871239879e+00
2.221370789006527069e+00
2.205769487767990533e+00
2.180308571358475778e+00
2.157491986431316455e+00
2.135927577721019155e+00
2.120932004002020754e+00
2.102783084078365228e+00
2.080752926897162070e+00
2.057302618640737712e+00
2.026930982697820127e+00
2.001406439448018215e+00
1.973374998690881510e+00
1.946315776053340496e+00
1.918615194865699980e+00
1.897669239042998335e+00
1.876393696187606874e+00
1.851654308146954309e+00
1.830453844963102039e+00
1.810954763488542341e+00
1.795641055568105493e+00
1.778502529868218218e+00
1.761764853262143493e+00
1.746715832997303153e+00
1.733676148348747725e+00
1.710871016252840882e+00
1.685600344095786296e+00
1.659587782980977533e+00
1.636530688597531036e+00
1.616890991805935318e+00
1.597355006764008767e+00
1.578618811104498310e+00
1.562388240415516272e+00
1.546043141414016109e+00
1.527276404871167337e+00
1.516004273845803274e+00
1.505955686959171480e+00
1.493407201517636729e+00
1.479336125788018430e+00
1.467457630974712934e+00
1.457822618549950766e+00
1.443437544363512792e+00
1.427088945885796711e+00
1.410640771403030902e+00
1.396656864444606683e+00
1.386213791148190655e+00
1.373566047835807602e+00
1.362008550431753395e+00
1.350478094434821585e+00
1.342637995174574606e+00
1.334387184660270842e+00
1.327117181889001518e+00
1.315540914567062680e+00
1.307958822144182243e+00
1.296806309578558913e+00
1.290125491348353526e+00
1.283849021688176162e+00
1.274514964217974722e+00
1.261682384934555756e+00
1.251122397319111679e+00
1.244605100068445491e+00
1.236379581223155943e+00
1.227968112937125822e+00
1.219095986327412895e+00
1.212807904768883116e+00
1.205091877847197068e+00
1.199379460126170027e+00
1.195430142149514374e+00
1.191848269175519670e+00
1.185750590936550442e+00
1.181053339452313278e+00
1.177851318714836282e+00
1.175915313031983267e+00
1.171092398538177815e+00
1.164973802975464157e+00
1.159169444470221411e+00
1.150691406602540212e+00
1.144988135239804361e+00
1.139206841464165620e+00
1.133967568834227890e+00
1.130087206445733683e+00
1.125422881851345203e+00
1.122149837653397153e+00
1.118018069712216400e+00
1.113326306042953906e+00
1.109866676135862207e+00
1.106774173097230474e+00
1.102865814899009589e+00
1.098876093878771165e+00
1.095390416733936556e+00
1.090918682631743852e+00
1.087213930322443733e+00
1.083600283695080879e+00
1.078408333527606455e+00
1.073139553950485325e+00
1.067142604953046803e+00
1.063055853001369622e+00
1.061125255599940864e+00
1.058502756077158935e+00
1.056088912823745396e+00
1.053590684473400430e+00
1.052449616626391249e+00
1.049562151080586592e+00
1.047896320868304976e+00
1.047227523243331238e+00
1.042657843573870480e+00
1.039481571823322348e+00
1.035968674320877358e+00
1.031210301303188581e+00
1.030616642999917065e+00
1.028133386840427210e+00
1.025353709138747238e+00
1.021861311408907236e+00
1.020565491156285809e+00
1.018193601850687191e+00
1.017955359100584989e+00
1.016840656625519923e+00
1.016600385769883985e+00
1.014349049443242556e+00
1.013132683207430551e+00
1.011907747231567400e+00
1.010244790168792539e+00
1.008426424548614975e+00
1.007281409849169140e+00
1.007077794018554906e+00
1.006002888143751495e+00
1.006004190505638274e+00
1.005128645416504929e+00
1.004348192628520042e+00
1.003892892877792820e+00
1.001644926785348000e+00
1.001617686544349795e+00
1.002260208272623743e+00
1.003985360571779450e+00
1.004443642830645356e+00
1.002396339885757826e+00
1.001635561709793176e+00
9.998391920871368965e-01
9.991502078529126418e-01
9.991874544087153698e-01
1.000113811494834692e+00
1.000615096550210747e+00
1.001123425295640246e+00
9.993092252451627466e-01
9.998502969591058775e-01
1.000514203270732594e+00
1.001066071664137080e+00
1.000509227452988092e+00
1.000690603714583293e+00
1.001099053233301950e+00
1.001844317396099582e+00
1.000276477488707849e+00
1.000504534973517101e+00
1.000199424390949998e+00
1.001308236412441488e+00
1.000915447546873338e+00
1.000018530301503894e+00
1.000687805127780106e+00
1.000736683465322852e+00
1.000238579751961510e+00
1.001270279025532117e+00
1.001050197264570008e+00
1.000517571019505558e+00
9.991946347970587228e-01
9.987492717692796340e-01
9.986461043273459071e-01
1.000004532396640888e+00
9.995918178912841512e-01
9.996800504237143281e-01
9.994312732063246330e-01
1.000606191277993995e+00
1.000923194611762934e+00
1.000947770478823884e+00
1.000198668822221748e+00
1.000075439042209968e+00
9.994194786293486565e-01
1.000155052126119770e+00
1.000433507784910692e+00
9.984454150828423469e-01
9.983653720206757676e-01
1.000431628804783202e+00
1.001279574509230663e+00
1.001363529627905535e+00
1.000744139735668892e+00
1.000921181418769512e+00
1.000799530504003609e+00
1.000021877545533622e+00
9.998646254252878673e-01
9.991816639934355537e-01
1.000803392230686928e+00
1.001779391300704036e+00
9.995708465095796136e-01
1.000134145365424887e+00
1.000630796348780382e+00
9.998268805420836847e-01
9.993858259958527945e-01
9.994334075637112402e-01
1.001018226641392950e+00
1.000919617466064393e+00
1.000377478884105997e+00
