3.594029488496909064e+00
3.481613303736157405e+00
3.460292992833256420e+00
3.427866084830784921e+00
3.425622987769499250e+00
3.410378638809304253e+00
3.373813978946208270e+00
3.353473661905034042e+00
3.338207535303467921e+00
3.312597029050340147e+00
3.297200236600543288e+00
3.284068318853404111e+00
3.258283591469303353e+00
3.264424886336124487e+00
3.233282859174583912e+00
3.213094985623011546e+00
3.196347979408168616e+00
3.169909922782916389e+00
3.162832189337111632e+00
3.155014016084669137e+00
3.130448836617383712e+00
3.144146973040187643e+00
3.115879594539711750e+00
3.109172080997225862e+00
3.093121959306277979e+00
3.085608673033038762e+00
3.065486132405581987e+00
3.055424862091853377e+00
3.044405375557769577e+00
3.033059224403110488e+00
3.021821961455309236e+00
3.018010874215260486e+00
2.987380621625955079e+00
2.977776681781032053e+00
2.948986639887635874e+00
2.929266985625555098e+00
2.901816268676518540e+00
2.889631678329048547e+00
2.858587650553680248e+00
2.848613490805438353e+00
2.825507413310057281e+00
2.807780413233487593e+00
2.793320059362674357e+00
2.775342616410330088e+00
2.754904299982983584e+00
2.748523451061073430e+00
2.733409767949108726e+00
2.722292282028852206e+00
2.691161143687997637e+00
2.662147880970541003e+00
2.641960007418968637e+00
2.620525363898865923e+00
2.594413971894189430e+00
2.570828786288630319e+00
2.551288797567866862e+00
2.522591310650299956e+00
2.511294159188727004e+00
2.483250001512311123e+00
2.465909554570089757e+00
2.445596459580630100e+00
2.433945421446766844e+00
2.412946330754098589e+00
2.388114375180010018e+00
2.379136542524523446e+00
2.351729380858230023e+00
2.321444848325700416e+00
2.299193543254158811e+00
2.271598549431034897e+00
2.243244060365072290e+00
2.216923058562192850e+00
2.198499173961729003e+00
2.176481978534932971e+00
2.156138939288587242e+00
2.140897312533564190e+00
2.117475459238293389e+00
2.094483714360113602e+00
2.076487215971569711e+00
2.061251033626889217e+00
2.044838858648136526e+00
2.025062038077455107e+00
2.003423229169492892e+00
1.974569215454566651e+00
1.952545214514842309e+00
1.926505960947209495e+00
1.900839649488067273e+00
1.873356266076973142e+00
1.855020853144581761e+00
1.834578453409477561e+00
1.812127066257833263e+00
1.790233731166339215e+00
1.773701779160042236e+00
1.759280897264214882e+00
1.741819312191863256e+00
1.726291853893836326e+00
1.711713084098063886e+00
1.697466423333210628e+00
1.677015176431299270e+00
1.653225144886588005e+00
1.627256668653413341e+00
1.604991752556014450e+00
1.586248689399196277e+00
1.566574632073737705e+00
1.548096983921137149e+00
1.533650241076181198e+00
1.518160893650554621e+00
1.499536926969987860e+00
1.490208610398675804e+00
1.479858105785479161e+00
1.468018554943492315e+00
1.454730110398993803e+00
1.443273709934890237e+00
1.434309488305261393e+00
1.419937606102520622e+00
1.403305953331818623e+00
1.388453942191961055e+00
1.374907568707466332e+00
1.364864333002998809e+00
1.352811089055051763e+00
1.342142766988086766e+00
1.331169557941918047e+00
1.323788638895141645e+00
1.315882674525919116e+00
1.308997196820349096e+00
1.297857252707427911e+00
1.290704318343761647e+00
1.280549131951617348e+00
1.274776015334236234e+00
1.269519096872494313e+00
1.260254581984888267e+00
1.246831558422225816e+00
1.235928276021398986e+00
1.229334074269175403e+00
1.221218159826103822e+00
1.213264216590734135e+00
1.205081437983138493e+00
1.199501597932931762e+00
1.192019446881341427e+00
1.186296520921809261e+00
1.182275143332264911e+00
1.179106666650504787e+00
1.173724016337405640e+00
1.169718631703243750e+00
1.166853680898101597e+00
1.165413123948928042e+00
1.161497146740866349e+00
1.155241264050108629e+00
1.149878434793414339e+00
1.141266058182197174e+00
1.135169934907439782e+00
1.129997574943836014e+00
1.125500747207313301e+00
1.121081332180354329e+00
1.117598525870201698e+00
1.114892653929766997e+00
1.110630956664929503e+00
1.107013145992054914e+00
1.104613607202321379e+00
1.101816286181908078e+00
1.098227994421361320e+00
1.094139497460558053e+00
1.090262396745101281e+00
1.086034046493614458e+00
1.083277558550772790e+00
1.079469576325997826e+00
1.074349491208577589e+00
1.068827285345984812e+00
1.063873297278479679e+00
1.060072035497721776e+00
1.057961092990619356e+00
1.055133104627571150e+00
1.052920717443375898e+00
1.050350147606854190e+00
1.048952295251307731e+00
1.047192857486970663e+00
1.045741199044831760e+00
1.045350137258168832e+00
1.041535413322149051e+00
1.038415043109903291e+00
1.034727667334560675e+00
1.029096849739072450e+00
1.028647132937855702e+00
1.026368306933694186e+00
1.023590445426811213e+00
1.020398128182572917e+00
1.019016609058055245e+00
1.017751783213036054e+00
1.017570012216157282e+00
1.015742817063724157e+00
1.015663086226319400e+00
1.014279674318518509e+00
1.012706665073970669e+00
1.011548643247475621e+00
1.010188976199627220e+00
1.008135635979297673e+00
1.006910962660557463e+00
1.006979049690686079e+00
1.005772666187942033e+00
1.006339544147671017e+00
1.005377478559065896e+00
1.004421793138831065e+00
1.003770112107842394e+00
1.002496556065769484e+00
1.002202451571111874e+00
1.002629454972929324e+00
1.004379705294812908e+00
1.005164487271626772e+00
1.003086668471981691e+00
1.001570378924248717e+00
1.000086202890647868e+00
9.982664725352083934e-01
9.992044902058634381e-01
9.997952725297547527e-01
9.994512485344040353e-01
1.000699730514780228e+00
9.996961300300823972e-01
9.999987414159007271e-01
1.000405019904127668e+00
1.001393222915824666e+00
9.997400149548580917e-01
9.996356992019985732e-01
1.000825823909011758e+00
1.001041372580605771e+00
9.994051039666635994e-01
9.999330522657181586e-01
1.000368246208681366e+00
1.001640616602798683e+00
1.000720654808632482e+00
9.992214667705362485e-01
1.000648425985870116e+00
1.000612883131238862e+00
9.997931325149470583e-01
9.999293889857121531e-01
1.000614666919979134e+00
9.998195597040188121e-01
9.991381337964055920e-01
9.987405084115312803e-01
9.984019447769445499e-01
9.988037199296631030e-01
9.981062718242290632e-01
9.989642609162887599e-01
9.996189233467891455e-01
1.000110891483838582e+00
1.000335509298931669e+00
1.000978994471967365e+00
1.000148624862943869e+00
9.997929663647291409e-01
9.989728076835019399e-01
1.000010306800274140e+00
9.997725817267848480e-01
9.984790318320806435e-01
9.985620099093457380e-01
9.994662645265046663e-01
1.000828336100307636e+00
1.000717662775507222e+00
1.000553350843534028e+00
1.000861901102743978e+00
9.999429873841527705e-01
1.000235555321594472e+00
9.997637677900212960e-01
9.993973500682906685e-01
1.000487895632858448e+00
1.000745625857193843e+00
9.994058164187983317e-01
1.000011839369884914e+00
9.998349153071651729e-01
9.995277567221808601e-01
9.996629598005638551e-01
9.998327287702962751e-01
1.000424507330894608e+00
1.000586935119395671e+00
1.000335259409003585e+00
