3.451139979146845782e+00
3.343091188527551161e+00
3.322050108249057221e+00
3.292929063584339122e+00
3.285891675247950783e+00
3.282526997996209950e+00
3.238667719172456660e+00
3.224237518846327699e+00
3.207722166420527543e+00
3.185614815181974535e+00
3.169004683115280052e+00
3.156138346863903710e+00
3.134623368380939024e+00
3.143698518996550728e+00
3.112231678219703479e+00
3.093868122796468167e+00
3.081546769480232761e+00
3.044867048454209080e+00
3.039488303833468130e+00
3.031408339447244416e+00
3.012499801088868168e+00
3.022096239729397560e+00
2.997808956750279918e+00
2.992643466321549983e+00
2.972171063888420672e+00
2.973142555207585414e+00
2.958333236317879589e+00
2.941817883892079877e+00
2.933216631480938030e+00
2.917601685643632425e+00
2.913928974558985363e+00
2.912696839227361778e+00
2.883670574203538450e+00
2.868553221480926396e+00
2.845616548384549915e+00
2.823248553133538064e+00
2.797456643355225925e+00
2.787658797977796699e+00
2.756559228309414245e+00
2.747187891316007935e+00
2.724452624956531732e+00
2.709773628073055107e+00
2.693116106185914127e+00
2.678839922776237614e+00
2.658249045791990284e+00
2.654149826323319861e+00
2.637598931532184388e+00
2.628334221634784473e+00
2.596352016560575571e+00
2.571975877668119637e+00
2.555253194777863612e+00
2.534691936431396009e+00
2.509830051879357704e+00
2.490720106784081178e+00
2.471491687137686633e+00
2.443750870993489865e+00
2.434012262891618761e+00
2.406863819503009871e+00
2.390407704352769169e+00
2.371540632087283385e+00
2.362548413657454383e+00
2.341613960474965950e+00
2.317605092690974367e+00
2.310182662063454018e+00
2.285575497796318523e+00
2.257242308896533434e+00
2.234578127267727865e+00
2.208460412473842283e+00
2.181768096107036037e+00
2.159512651679586170e+00
2.139546727952484240e+00
2.119453444082931348e+00
2.100497515904107715e+00
2.086603412921785861e+00
2.063038824704485741e+00
2.042569384135133781e+00
2.023444629720968280e+00
2.012239899049016678e+00
1.995232877236078117e+00
1.975059623044520762e+00
1.956299177875041373e+00
1.928838257857859562e+00
1.908765707034752124e+00
1.883200379835452853e+00
1.858508802450645980e+00
1.831955693681403208e+00
1.814868701546460628e+00
1.796376305048884792e+00
1.775136779897268813e+00
1.753906140336985997e+00
1.737331550635627275e+00
1.723754367077544813e+00
1.707045012574289533e+00
1.692097967018909355e+00
1.677901753931237305e+00
1.665895839107352838e+00
1.646139467242540455e+00
1.622292761500391700e+00
1.597225027415786425e+00
1.575757438753268680e+00
1.558035867303902089e+00
1.539373163639094821e+00
1.520612718469615210e+00
1.507168078315595627e+00
1.492502409819119968e+00
1.474275100129669891e+00
1.465631641159693022e+00
1.455223651844007815e+00
1.443827880958378884e+00
1.431049660154396275e+00
1.419282915830580416e+00
1.411055598721404181e+00
1.397459533281737443e+00
1.381143366195003885e+00
1.367752409821959558e+00
1.354002327465840150e+00
1.344353315743251898e+00
1.332793531650919849e+00
1.323465882148238570e+00
1.313298544264510870e+00
1.307176371835506501e+00
1.300265973408597731e+00
1.294725436978986233e+00
1.282725816115629858e+00
1.275767287402329142e+00
1.265309316635391035e+00
1.259420761211871742e+00
1.253846163348814269e+00
1.245535728937369635e+00
1.232252880592220157e+00
1.221836190801687261e+00
1.215927272564694572e+00
1.208754934309923978e+00
1.201197923996993211e+00
1.193271606294250109e+00
1.187672758171510523e+00
1.180527076690741639e+00
1.175423600284862591e+00
1.171891947962639957e+00
1.169317162757178563e+00
1.164019499157358473e+00
1.160515429191567804e+00
1.158315319754015915e+00
1.156956009396427287e+00
1.152984057511964977e+00
1.146660108113088272e+00
1.141346339378975783e+00
1.132757674888890786e+00
1.126911326024206961e+00
1.121956960947898985e+00
1.117317571572726376e+00
1.113077108225145384e+00
1.110707987435764377e+00
1.108463264925057423e+00
1.104389406414985508e+00
1.101363492332846139e+00
1.099750664947514167e+00
1.096741966698584037e+00
1.093224846020522278e+00
1.089683197408048754e+00
1.086095223394924147e+00
1.082487210522176335e+00
1.079867118056736519e+00
1.075891741517281286e+00
1.070840421681366950e+00
1.064901699690108838e+00
1.059426185426247669e+00
1.056350151055491349e+00
1.054394580496105682e+00
1.051056189785393613e+00
1.048640789874482504e+00
1.046760330329340682e+00
1.045651390019230798e+00
1.044566607410559733e+00
1.042430039206869274e+00
1.042196051968411918e+00
1.038270564321965850e+00
1.035637698818983932e+00
1.032069162036901577e+00
1.026728366295815320e+00
1.026511085820230207e+00
1.024203932774578885e+00
1.021033558414582654e+00
1.018139493549683472e+00
1.017288975854199196e+00
1.016355271437763941e+00
1.016040087480581722e+00
1.013624571871866609e+00
1.013362308090154151e+00
1.012086994338142976e+00
1.010895746610391388e+00
1.010473495905548802e+00
1.008846842632659557e+00
1.006320673644365726e+00
1.005897161833461340e+00
1.005329976489765853e+00
1.003492602806768552e+00
1.004204919475583102e+00
1.004001765701845184e+00
1.003378177678785121e+00
1.002638047257930598e+00
1.001511937393733120e+00
1.001198477333827608e+00
1.000968921321256921e+00
1.001944681889382682e+00
1.003655424326092893e+00
1.002684083414072891e+00
1.001177524461554835e+00
9.994325933238146220e-01
9.981949623465093957e-01
9.992615803999795876e-01
9.985414483445167466e-01
9.985780146354158449e-01
9.995175617909443089e-01
9.982685519346328196e-01
9.990552217970758431e-01
9.995217326967722471e-01
1.000263835765181630e+00
9.994380542601551953e-01
9.993465951462309205e-01
9.998535829225956295e-01
1.000236918671121522e+00
9.992099444701322275e-01
9.997581900833411028e-01
1.000220402809625320e+00
1.000679821433947181e+00
9.995814501182169742e-01
9.997347873100723703e-01
1.001266076668158256e+00
1.000937220123008675e+00
1.000385561424586900e+00
9.994933173161526518e-01
1.000011759175096104e+00
9.992614415626150937e-01
9.981273196255024960e-01
9.978980326103256138e-01
9.975186132324592725e-01
9.985508632533031115e-01
9.979722180421387590e-01
9.994414789151484513e-01
9.996094605565231106e-01
9.992055334913613196e-01
9.992380778373549655e-01
9.997634225165192845e-01
9.995382948373898735e-01
9.989979441530694171e-01
9.982624054888045162e-01
9.991810359276236397e-01
9.996095993938877156e-01
9.977276531319665409e-01
9.983289028015533972e-01
9.991021878743164830e-01
1.000637263443032499e+00
1.001179695241599221e+00
1.000218959479522773e+00
1.000501476161794745e+00
9.991091564976630757e-01
9.996278326446593754e-01
9.999464680119520832e-01
9.991128544887180052e-01
9.998426805739188961e-01
9.999763701093509205e-01
9.990815741412311102e-01
9.997204111348357847e-01
1.000197350022212994e+00
9.995929013083506565e-01
9.986699148472172327e-01
9.998314448709448854e-01
1.000545604027285096e+00
1.000739961875487083e+00
1.000743643234982549e+00
