3.325188030544585782e+00
3.226767539240862348e+00
3.202097426655750922e+00
3.175763576235605345e+00
3.175867559850294786e+00
3.167964805133884010e+00
3.123407826239382956e+00
3.108408189820405898e+00
3.095722188828272436e+00
3.079162798188950667e+00
3.063487268274490916e+00
3.042742537143912518e+00
3.022465732279437045e+00
3.038817155689379490e+00
3.005906341640115276e+00
2.991244651968879342e+00
2.974165343256109928e+00
2.941800443183966163e+00
2.930076290627712243e+00
2.934391610637330672e+00
2.914296777098562163e+00
2.923161380250852481e+00
2.896827529830706460e+00
2.890848471986053880e+00
2.874549040383456155e+00
2.870337703988526723e+00
2.858509567817582475e+00
2.850476833582809899e+00
2.837192926806211268e+00
2.824558917621422527e+00
2.819229757368579392e+00
2.821829347735819837e+00
2.790387302244046630e+00
2.781899639695006865e+00
2.756787596747464875e+00
2.732052494403172105e+00
2.710657865680782930e+00
2.701819258432165860e+00
2.670026268240815348e+00
2.662552445934998957e+00
2.641846708659928655e+00
2.624572430669616097e+00
2.610404663168155448e+00
2.595924944822626479e+00
2.576415019116486960e+00
2.578884629965365161e+00
2.559595669440441590e+00
2.550211148214703183e+00
2.524182749662708503e+00
2.500942411779579100e+00
2.484370023188421595e+00
2.465724461279389157e+00
2.441840724780367289e+00
2.426574630348748318e+00
2.407233678016479583e+00
2.381062301994286035e+00
2.371944238781190428e+00
2.348216477704203164e+00
2.334061708154579140e+00
2.313459954494198278e+00
2.305329735620654130e+00
2.286378721843471240e+00
2.264912604385983741e+00
2.257789726779744655e+00
2.232625692024857500e+00
2.208296775675445911e+00
2.184767233363960948e+00
2.159645441952541489e+00
2.134845349849067375e+00
2.114688776039076679e+00
2.097807686091809121e+00
2.075347225318851851e+00
2.058342654829140805e+00
2.045464934047423355e+00
2.023189694088131318e+00
2.003189095700175670e+00
1.986048046716184068e+00
1.975220752836627458e+00
1.958255176202424730e+00
1.941088131314760545e+00
1.923225696003859841e+00
1.896137964377214491e+00
1.877424163221042441e+00
1.853979107596492648e+00
1.830413820917458079e+00
1.803985735346500086e+00
1.788334576591733116e+00
1.771255267878963480e+00
1.749683542062806518e+00
1.729764180873826440e+00
1.713480996711024495e+00
1.700245832253811429e+00
1.684389955757624513e+00
1.670058089114231592e+00
1.657349341706385148e+00
1.644520363244053485e+00
1.626086830424349872e+00
1.602098297938648663e+00
1.577221842868137269e+00
1.556630650043623776e+00
1.539826735435383842e+00
1.522325805659927145e+00
1.503970260551240390e+00
1.491436985493182377e+00
1.476889840272503029e+00
1.459258118606694854e+00
1.450251350356196678e+00
1.439202278923434664e+00
1.428905463953193511e+00
1.415714167583427718e+00
1.404939677883205729e+00
1.396844391005221064e+00
1.384472777973126068e+00
1.368703012907853678e+00
1.355067349059687842e+00
1.342401657367298551e+00
1.332203951779808326e+00
1.321373408412292783e+00
1.311693589968276008e+00
1.301369154350382695e+00
1.294991221858756258e+00
1.288878528821787217e+00
1.284098938220018971e+00
1.272461303280674194e+00
1.265935519086911043e+00
1.256927532278428128e+00
1.250730758740518755e+00
1.245591287347284970e+00
1.237772003852822600e+00
1.224052462596713520e+00
1.214432556586942047e+00
1.207942922946723119e+00
1.200528403796159438e+00
1.192987763894185260e+00
1.185024284371539505e+00
1.180271298952435988e+00
1.172984525297262604e+00
1.168355223513600105e+00
1.165611437118176719e+00
1.162075384939737388e+00
1.156130040532659775e+00
1.152945339239792588e+00
1.151533639814582788e+00
1.150838046298348294e+00
1.147135660955005187e+00
1.141038504532340569e+00
1.136241244839794717e+00
1.128283655014074682e+00
1.122461080323949645e+00
1.117308712525379111e+00
1.112890018180062501e+00
1.108433243897725795e+00
1.106245018396801783e+00
1.104409057699938135e+00
1.100554555701511728e+00
1.097900028678463702e+00
1.097035258695361337e+00
1.094562195265526450e+00
1.091357590858910154e+00
1.087042067756293751e+00
1.083683264991370576e+00
1.080146552760689715e+00
1.077428102216697159e+00
1.073129740472364535e+00
1.068525368354137806e+00
1.062413792328654738e+00
1.057233550016185353e+00
1.053899930782944860e+00
1.051383253131909612e+00
1.049040880045927659e+00
1.046327151414125911e+00
1.044152685463777708e+00
1.043745077817914479e+00
1.042943926716260350e+00
1.040727065102696969e+00
1.040054167228926518e+00
1.036350791807220784e+00
1.033630208786755045e+00
1.030527100105609994e+00
1.025113529325705874e+00
1.024395976379123496e+00
1.022147051458588862e+00
1.019329059959225736e+00
1.016400662029128821e+00
1.015935299812118053e+00
1.015048214985922126e+00
1.014474731134399121e+00
1.012232736762402219e+00
1.011971051435200053e+00
1.010430946462358204e+00
1.008790361229032317e+00
1.008588105990205985e+00
1.007559985770599909e+00
1.005028444250814612e+00
1.004393093194945852e+00
1.004139925080323792e+00
1.002819554037400529e+00
1.002746212078699628e+00
1.002143013182988707e+00
1.002255844036379351e+00
1.000905275603398925e+00
9.998342266014585977e-01
9.999952031885550596e-01
9.998460186886224399e-01
1.000829737701663280e+00
1.001992495885260404e+00
1.001043404228283418e+00
9.998134349558456258e-01
9.989644935332312459e-01
9.977246742504176646e-01
9.989663721434576260e-01
9.983832159879313384e-01
9.985564035414988826e-01
9.990691498934748394e-01
9.982971553302659729e-01
9.985417808456833466e-01
9.990128677465590634e-01
9.993794569535957573e-01
9.984849401930244728e-01
9.991480134430436033e-01
9.992372347354816497e-01
9.996440173160430209e-01
9.985770555606762189e-01
9.989929646328099544e-01
9.998388437938223738e-01
1.000157553826712231e+00
9.996685154088593706e-01
9.992806046104196760e-01
1.000241792994056578e+00
1.000161225367306450e+00
9.997527387095634932e-01
9.985367289073718844e-01
9.992326524497270324e-01
9.983813310310488687e-01
9.975649892078519709e-01
9.979584818903931565e-01
9.977512889530667506e-01
9.988262792284885450e-01
9.983467481015784184e-01
9.989762380204738612e-01
9.988290971438281707e-01
9.985811063139766741e-01
9.990262306311251672e-01
9.994278121269550841e-01
9.994163833858569213e-01
9.987027701260919876e-01
9.979046241661344574e-01
9.990825857645868613e-01
9.990600614818394565e-01
9.976662437603884825e-01
9.984165311728319114e-01
9.992120305771665656e-01
1.000747139144938735e+00
1.001376292691056769e+00
1.000710844204966143e+00
1.000661454526651006e+00
9.991235137635632313e-01
9.992619652745803327e-01
9.995663064779012341e-01
9.997097583606482374e-01
9.998144163075558533e-01
9.995259774446008105e-01
9.987951504666386926e-01
9.997382834068044843e-01
1.000593128806320786e+00
9.995754044095208624e-01
9.990489421402295456e-01
9.994433535012514636e-01
1.000375141793513167e+00
1.000512654792748979e+00
1.000391724812753402e+00
