3.221266378145541509e+00
3.130034625701259898e+00
3.108969828942115932e+00
3.080314644523950207e+00
3.085316062748886701e+00
3.077431474017810142e+00
3.031389006241189676e+00
3.019797484002218813e+00
3.001821798499653582e+00
2.991259980012876074e+00
2.967782734462879990e+00
2.961339730984873686e+00
2.937421183826795179e+00
2.958750761550788866e+00
2.915267843101047252e+00
2.903293859468405458e+00
2.889731190046665787e+00
2.861723247987021601e+00
2.847836957386021606e+00
2.850984908857010947e+00
2.829920112097866980e+00
2.840334830048617309e+00
2.812032686916917434e+00
2.808090392551379377e+00
2.792850777018925701e+00
2.789349784261470955e+00
2.780906213493489432e+00
2.772668583475947024e+00
2.758841133089358522e+00
2.749632639534034251e+00
2.739570962869750215e+00
2.743895718628959646e+00
2.713490037832066548e+00
2.708297388910294590e+00
2.686349988934985333e+00
2.658327336821738385e+00
2.636541747436059513e+00
2.629789832832395202e+00
2.600693346806147055e+00
2.594647514775415331e+00
2.575597995359848902e+00
2.557945931036543108e+00
2.546633899816025171e+00
2.534086224092876094e+00
2.515183805213336399e+00
2.516345899447953727e+00
2.496678557781071728e+00
2.491927210467382192e+00
2.463522096960463426e+00
2.441964513405626924e+00
2.426158560809467790e+00
2.410389383347315118e+00
2.385161641418591660e+00
2.375166159995520054e+00
2.357984817387503096e+00
2.330329916614324759e+00
2.323835427948709231e+00
2.300137531594671714e+00
2.289222671821428357e+00
2.268238780357099138e+00
2.259530428624268339e+00
2.243680345867300918e+00
2.220894472836634215e+00
2.217489095427596979e+00
2.193213829469651710e+00
2.168865013243692630e+00
2.146134302914036951e+00
2.125132023882704502e+00
2.099176134300644314e+00
2.081483617329931590e+00
2.065284170799898789e+00
2.042196741670375904e+00
2.028347226203382370e+00
2.014611713651810465e+00
1.993230650740207111e+00
1.977476183331657422e+00
1.959283524538451227e+00
1.950468524917000845e+00
1.933702741323261476e+00
1.917632007762252400e+00
1.900044299923459246e+00
1.872488692012099998e+00
1.854439456241520512e+00
1.831743682289170838e+00
1.810577753911507992e+00
1.785489757492010554e+00
1.770046039965818885e+00
1.752623820230056806e+00
1.730582643663029607e+00
1.711770323861807608e+00
1.694215713643620447e+00
1.681826170996700620e+00
1.664573116877370307e+00
1.651826855430583940e+00
1.638418641571673273e+00
1.626258943512296495e+00
1.608603201675590455e+00
1.584739817218522528e+00
1.560898497841858523e+00
1.538366373235839690e+00
1.521340405569001852e+00
1.504644494729875825e+00
1.487707706763004456e+00
1.475688673591204036e+00
1.462960799711421123e+00
1.445214958796398275e+00
1.436572802304780350e+00
1.425393161566686828e+00
1.415601782137353659e+00
1.401633666863188132e+00
1.390847520058968723e+00
1.383874035272913083e+00
1.370335269688278013e+00
1.353999295473244269e+00
1.340899533050816661e+00
1.329295139514943713e+00
1.318789862796701851e+00
1.308215632702196984e+00
1.298447237731618076e+00
1.288586445236846512e+00
1.282052423302173283e+00
1.275184207337212161e+00
1.270294033892646723e+00
1.258569661482076274e+00
1.253208306633047497e+00
1.244179091856006947e+00
1.238072580854163496e+00
1.232322788652187029e+00
1.224369476389435496e+00
1.211831454138962538e+00
1.203701851077565443e+00
1.197357450927615030e+00
1.190660239335786130e+00
1.183358306634131552e+00
1.176839454442236033e+00
1.172413567064507278e+00
1.165620740124260424e+00
1.160627596304475428e+00
1.158319267111780793e+00
1.154649568427068562e+00
1.147988442435484036e+00
1.144408842829088613e+00
1.142578820223071112e+00
1.142706613813744942e+00
1.140108910285333454e+00
1.134711814602941793e+00
1.129245076010524595e+00
1.121988997304084634e+00
1.115902367859063604e+00
1.111784127461761251e+00
1.107540966531129323e+00
1.103084165056376076e+00
1.101202312495867419e+00
1.099290350294390706e+00
1.095413906403183812e+00
1.093962897522024580e+00
1.093219809970497725e+00
1.090232519866201066e+00
1.086697625032083003e+00
1.082833592748603024e+00
1.079741665895827651e+00
1.076570844888377509e+00
1.074697956266783105e+00
1.070088997675076259e+00
1.065791593421784089e+00
1.060041513914073086e+00
1.055069688179782972e+00
1.051980347078616873e+00
1.049612373215454753e+00
1.046894633351199033e+00
1.043481728531919561e+00
1.041207761105062524e+00
1.041687848987292941e+00
1.040585054656261388e+00
1.038711304117463818e+00
1.037635171758587216e+00
1.034252175466261692e+00
1.031445859244081609e+00
1.028479456266677694e+00
1.023576497716929712e+00
1.022721705695857519e+00
1.019977706087474845e+00
1.017223535856093708e+00
1.014930951017645633e+00
1.014449915026491400e+00
1.013288826361944395e+00
1.012698700383427575e+00
1.010778664890813472e+00
1.011148398640449919e+00
1.008355154829186029e+00
1.007250406819160560e+00
1.006694671337055036e+00
1.006463490777846914e+00
1.004032410210117465e+00
1.003594857941869201e+00
1.003414171365486718e+00
1.001640087185962535e+00
1.001222272821669534e+00
1.000874216289695751e+00
1.000547262363915557e+00
9.990707120029658217e-01
9.986682110343176877e-01
9.991833214855752043e-01
9.996172824321430950e-01
1.000752901443333176e+00
1.002254318115597842e+00
1.000787651071912254e+00
9.995428989774994832e-01
9.982323538699025001e-01
9.969983398273141173e-01
9.980652568547587755e-01
9.983327313108686374e-01
9.983422985918251058e-01
9.986271478622245068e-01
9.983141210819210798e-01
9.980296596742630477e-01
9.987122262728322930e-01
9.986739858795797842e-01
9.981715312459239486e-01
9.986905418725262606e-01
9.993945486615272156e-01
9.998527869426544479e-01
9.986972073655648874e-01
9.986600515514599818e-01
9.995096864345995868e-01
1.000374451555978261e+00
9.996206295439491463e-01
9.991361638405902301e-01
9.996281533628695870e-01
9.995449927180390937e-01
9.995736622390134496e-01
9.983533347233488620e-01
9.990302198510196963e-01
9.982467442958756765e-01
9.970171655355625218e-01
9.977396101700704012e-01
9.976822747194434848e-01
9.985771279338604423e-01
9.979391763245264446e-01
9.984763518561878826e-01
9.981712762620846835e-01
9.983462508413343262e-01
9.984306720400746293e-01
9.992341889658558074e-01
9.990087652953012487e-01
9.980880743170548186e-01
9.973821174403815215e-01
9.986617753858665347e-01
9.982043182172049001e-01
9.975996473858825819e-01
9.984704638842929469e-01
9.990237716329426476e-01
9.995227193409775834e-01
1.001163892296433433e+00
9.998381846287021091e-01
9.990949067371263093e-01
9.991164313236176042e-01
1.000091731939335427e+00
9.999636860583134279e-01
9.993241812023525572e-01
9.991159051949914938e-01
9.993380033016698860e-01
9.989802780339023247e-01
9.990399379674868019e-01
1.000510018562429382e+00
9.995118178840167733e-01
9.985423370050818814e-01
9.992762469340543685e-01
1.000201758363826299e+00
9.999520726218297240e-01
9.996984849088272895e-01
