3.143591325237051759e+00
3.057491416870036449e+00
3.043253892837560315e+00
3.005298408153825207e+00
3.016803137289072900e+00
3.007052795001428969e+00
2.959515659073088667e+00
2.948179620980880156e+00
2.932660045021308726e+00
2.917072992644521356e+00
2.897774737320880423e+00
2.894232225417064708e+00
2.866195774064012713e+00
2.892174194691991218e+00
2.848550690962152299e+00
2.837417082121590273e+00
2.828139074754454363e+00
2.799933932358364075e+00
2.792106667961362643e+00
2.787585748007922248e+00
2.768456183727319608e+00
2.774259155607855298e+00
2.752565487473062511e+00
2.745109343370746746e+00
2.732288824099796010e+00
2.727396783851670392e+00
2.727531736686101382e+00
2.721695026596957945e+00
2.701755745309769363e+00
2.690959518555284813e+00
2.682086369691442762e+00
2.690993256763892560e+00
2.656226032793591152e+00
2.651485814484200176e+00
2.630601863355994219e+00
2.611354215345264684e+00
2.583975659060063990e+00
2.572622751863551382e+00
2.549225304194066677e+00
2.542696960828464192e+00
2.524680757431918110e+00
2.504876428979160519e+00
2.494215155059106959e+00
2.485021493213491084e+00
2.468894629498979754e+00
2.466920944295425855e+00
2.454066686815867371e+00
2.442747517827962511e+00
2.422158776025074012e+00
2.398229951570017171e+00
2.383191145083106477e+00
2.368810233664047082e+00
2.343413797134552112e+00
2.334911768565395729e+00
2.316516010322011709e+00
2.289989343804157418e+00
2.284312890205900892e+00
2.264365174366560041e+00
2.255289596251071504e+00
2.232777776557540506e+00
2.223204559865088026e+00
2.209953878434388841e+00
2.190174853638086283e+00
2.182001772602855993e+00
2.161400378971739755e+00
2.138909645658588765e+00
2.115309768737457574e+00
2.096416371917109611e+00
2.072361029179773606e+00
2.056377552851845092e+00
2.039630749554166123e+00
2.017097843480255115e+00
2.006719127057292162e+00
1.993603398461023524e+00
1.972171201442941335e+00
1.955550916427541308e+00
1.939871083977082744e+00
1.931849824880586652e+00
1.914356563717460880e+00
1.900578722777265028e+00
1.882239897760907166e+00
1.856073808347548093e+00
1.838354922914357870e+00
1.816239527171968238e+00
1.797966069934787914e+00
1.772911232767446998e+00
1.757128077053127235e+00
1.739976415252154851e+00
1.719073486381606841e+00
1.699315547965684958e+00
1.681520751563127414e+00
1.668327003359453498e+00
1.653317717805074416e+00
1.639765501134943015e+00
1.626531688808547482e+00
1.614069638004054452e+00
1.597007593319696550e+00
1.574749864509742858e+00
1.551263854042663093e+00
1.528115225661660803e+00
1.509913462117771887e+00
1.492904133384363785e+00
1.475173650441964579e+00
1.463837612349755624e+00
1.450215810624370771e+00
1.433250763289760421e+00
1.424694964450635037e+00
1.414562958678115878e+00
1.403265930389609784e+00
1.389870807253308360e+00
1.378351317651794972e+00
1.371099711439163427e+00
1.357905436075980132e+00
1.341550312293856795e+00
1.329523168084698614e+00
1.318014221673374786e+00
1.308530622097535900e+00
1.296968432575753116e+00
1.287779515165722755e+00
1.277588994687649526e+00
1.270909356542821778e+00
1.263558644342405168e+00
1.258608616548234416e+00
1.247735424505363566e+00
1.242598255085322068e+00
1.234621277387623506e+00
1.228920574451930481e+00
1.223255718362882938e+00
1.215011734373624863e+00
1.203219703305701938e+00
1.195470194936351094e+00
1.189140590705828782e+00
1.182318619493436973e+00
1.173987390605357062e+00
1.168313045645138715e+00
1.163525646559647964e+00
1.157348918586879494e+00
1.152039368007232722e+00
1.149821607950781699e+00
1.146681845912221664e+00
1.140198838264435910e+00
1.137615229508394332e+00
1.136046666387888093e+00
1.136805248922053480e+00
1.134366477241246063e+00
1.129358461901031063e+00
1.124072238129679491e+00
1.116686996981390845e+00
1.110351462206386586e+00
1.107162937913197975e+00
1.103498256793056909e+00
1.098988934348825497e+00
1.096310568670952224e+00
1.094641449874009353e+00
1.091098147230929793e+00
1.090266553104699554e+00
1.088938111140768772e+00
1.085684746227912223e+00
1.082690348424095728e+00
1.078776189066085411e+00
1.076978970508335465e+00
1.074323338584308729e+00
1.071704278351253814e+00
1.067596519663381205e+00
1.063862648857618609e+00
1.057862123950899402e+00
1.052340193983864136e+00
1.049433700028256311e+00
1.047506602546353749e+00
1.045254906596478905e+00
1.041660996640487724e+00
1.039508340783459772e+00
1.040226397930332336e+00
1.039487056718263691e+00
1.037424940506991522e+00
1.036490023116899639e+00
1.033549494425459958e+00
1.031495977503686490e+00
1.028208083642957682e+00
1.023494816363489823e+00
1.021668439295370545e+00
1.019005690717966095e+00
1.016431373148279471e+00
1.014093321881255338e+00
1.014147059203754475e+00
1.012632628775379739e+00
1.012451944853499874e+00
1.009708738555958218e+00
1.010262453725745413e+00
1.008271471100786076e+00
1.007369665917384527e+00
1.006370566857011539e+00
1.005574391260325440e+00
1.003282136975688799e+00
1.002918479282809638e+00
1.003168286995371972e+00
1.001677990588291323e+00
1.001490107644360084e+00
1.001027689912123542e+00
1.000277723141191899e+00
9.989066965731345782e-01
9.981523807362493450e-01
9.991521387460091663e-01
9.994584348947611607e-01
1.000662302477103971e+00
1.002373989404438559e+00
1.000947495771741469e+00
9.990588150390936617e-01
9.975474157778982942e-01
9.968586077469353546e-01
9.973840869354951844e-01
9.976952016516387189e-01
9.976672539607680523e-01
9.979871903618283691e-01
9.974057663703231880e-01
9.977097479593537432e-01
9.986154821284745076e-01
9.981803943220586284e-01
9.978508372599501630e-01
9.984802245299521095e-01
9.989815449866157326e-01
1.000025221973010359e+00
9.985402053978919001e-01
9.988323670822955025e-01
9.988640790215387311e-01
1.000035205056221566e+00
9.989772247496979674e-01
9.994337325296208663e-01
9.988973106628052934e-01
9.993658442690385169e-01
9.993829110581584629e-01
9.984443159068012719e-01
9.989289072859057761e-01
9.976383837407557520e-01
9.965313734814154056e-01
9.976155470260670288e-01
9.971452630855249799e-01
9.982622729018110208e-01
9.975033032348810114e-01
9.982678286688291269e-01
9.978882161639204273e-01
9.975149028033067911e-01
9.977795924759284008e-01
9.990077196917923619e-01
9.987129798679125203e-01
9.979926287534867102e-01
9.978563765532334484e-01
9.986563575826288286e-01
9.985659517859670764e-01
9.982985604208591823e-01
9.981764282704364000e-01
9.988287964003055297e-01
9.990628531633050091e-01
1.000810730826496631e+00
9.998056106161011813e-01
9.987389486514056669e-01
9.986430890189590404e-01
9.997862951621985239e-01
9.995045891512693848e-01
9.992087064620466252e-01
9.992143270943950606e-01
9.998109769351704035e-01
9.988672275640778642e-01
9.993220323716789366e-01
1.000873150836776304e+00
9.996417288739780638e-01
9.988683858735469823e-01
9.992162133370148247e-01
1.000023093772412608e+00
9.998966207929036454e-01
1.000021487583282020e+00
