3.049728473078162416e+00
2.966119985137321002e+00
2.959685544957922243e+00
2.919234887488655783e+00
2.933987018631666555e+00
2.923197561013773260e+00
2.880314371281562646e+00
2.858853159219788775e+00
2.854851251303333726e+00
2.837980463028081601e+00
2.823071394319719207e+00
2.814086718703364021e+00
2.788584364333797527e+00
2.819147955185939747e+00
2.770340372361722814e+00
2.764298276095702445e+00
2.745975815340951698e+00
2.725966275758676449e+00
2.721454320754829848e+00
2.717452412838374354e+00
2.694578762688439877e+00
2.705132813958306848e+00
2.682337632591047960e+00
2.676295536325027147e+00
2.666290766533889300e+00
2.656678340656129844e+00
2.649616150215326371e+00
2.651067822694824994e+00
2.629371204285024355e+00
2.618660215449806206e+00
2.616620027100240886e+00
2.624820014889840181e+00
2.584271271442228901e+00
2.579720082047044727e+00
2.563025848532812567e+00
2.544487598625704283e+00
2.518259408016388257e+00
2.513335491903494479e+00
2.486087207119395792e+00
2.483026924595048257e+00
2.467450871233943133e+00
2.446519323455229600e+00
2.430276285441382633e+00
2.424822705045428961e+00
2.413954778644859633e+00
2.408285409096547980e+00
2.398045232957383810e+00
2.390276823472500034e+00
2.368050540779639057e+00
2.351974248928977662e+00
2.329757774833951078e+00
2.319135063379242467e+00
2.296624331349182757e+00
2.285785830742116609e+00
2.274417665851991011e+00
2.243706946032331118e+00
2.237086142494078445e+00
2.221765112676669318e+00
2.213457230310891255e+00
2.193153432793582436e+00
2.182726893295563464e+00
2.168425957652936553e+00
2.152477177574123157e+00
2.144640107904398185e+00
2.123375067799313065e+00
2.103188973456017852e+00
2.082522257818833822e+00
2.063361161949238465e+00
2.039055456515474152e+00
2.026500451287379434e+00
2.008231937820719182e+00
1.987217016960412197e+00
1.974161773242760987e+00
1.966182478904436648e+00
1.944500573391387821e+00
1.932558605527946227e+00
1.917482790656398262e+00
1.911082680569420322e+00
1.894520863125953802e+00
1.881181170071103192e+00
1.862463913253516345e+00
1.840764842694256886e+00
1.819798964823122756e+00
1.801513286310251427e+00
1.783894592450122829e+00
1.760464304373082989e+00
1.745243812683477280e+00
1.726676136982865817e+00
1.705129099690040118e+00
1.685857657094806950e+00
1.668751462471528280e+00
1.656605966203021918e+00
1.641233441246982006e+00
1.628021259963979395e+00
1.615424568195088506e+00
1.602119205232658716e+00
1.586546830095742155e+00
1.563481912288035458e+00
1.539917982065501789e+00
1.518498456544524089e+00
1.501013404829889764e+00
1.482473928848051958e+00
1.466071501119394993e+00
1.454190836992419023e+00
1.441226322804736393e+00
1.423563490254352359e+00
1.414523641275178711e+00
1.404447759149741071e+00
1.392690928570424980e+00
1.379247019163583499e+00
1.368792279946790424e+00
1.361169773354694357e+00
1.347295511717866434e+00
1.331477308597723841e+00
1.319656722132483750e+00
1.308197214675024256e+00
1.299260969010476607e+00
1.287859087065294617e+00
1.280063703936366482e+00
1.269644520886723082e+00
1.262807315158747778e+00
1.255967044243949005e+00
1.251797164089578862e+00
1.240696896527806237e+00
1.235956278586944013e+00
1.228534235213089687e+00
1.222598194411153916e+00
1.216369121748914317e+00
1.209741574799650277e+00
1.197302433633475216e+00
1.187798821887941170e+00
1.182351984902998865e+00
1.176164905300238317e+00
1.167443835750683778e+00
1.161352696495491221e+00
1.157675698382301999e+00
1.151861958534614816e+00
1.148267413946971738e+00
1.145662924703243268e+00
1.143083263472782996e+00
1.135823981519243908e+00
1.134369243852922482e+00
1.132380244123305513e+00
1.133062554710164260e+00
1.129755831165225821e+00
1.125208626512911758e+00
1.121578525758118783e+00
1.114419475413700455e+00
1.107565411158197177e+00
1.105241846286820762e+00
1.100789049388663177e+00
1.095990346157500461e+00
1.091456015289844039e+00
1.089592841479322338e+00
1.086751413294155588e+00
1.087524300151641921e+00
1.085319204750984756e+00
1.082152406984528303e+00
1.079513740907720454e+00
1.076004408513764110e+00
1.074344379959954132e+00
1.072646572978547486e+00
1.070066758488746439e+00
1.065809213991230742e+00
1.061493737462755771e+00
1.055781072150565603e+00
1.050418144654910346e+00
1.047281155830309896e+00
1.045436143251715855e+00
1.043870369192721581e+00
1.040272836047925864e+00
1.039052355284572293e+00
1.040039575330675259e+00
1.039894438734593862e+00
1.037568651602770675e+00
1.036786109406790946e+00
1.032899260940713937e+00
1.029907983434724894e+00
1.027635109090438315e+00
1.022353753879117200e+00
1.020781466298123163e+00
1.017937087870639079e+00
1.015436546775054349e+00
1.013802725568583307e+00
1.013569196647485793e+00
1.011890738657901245e+00
1.012141509254879557e+00
1.009648937645035272e+00
1.010066492720034903e+00
1.007077092640974891e+00
1.006252327496504728e+00
1.005834542532493714e+00
1.005478731814565485e+00
1.003020375352636107e+00
1.003056793603580132e+00
1.003538296138679842e+00
1.002050607714007890e+00
1.001535292336764194e+00
1.001145419730262498e+00
1.000814628599779210e+00
9.993416722292767229e-01
9.987671604315085938e-01
9.991674738306269843e-01
9.995164261930380434e-01
1.001463432863176184e+00
1.002676672122659873e+00
1.001516920373242137e+00
9.992664985224360974e-01
9.973912459600889902e-01
9.968147992631386511e-01
9.972291263132646577e-01
9.977432060370703404e-01
9.978564742688988964e-01
9.977800744873289718e-01
9.968420602684480158e-01
9.967916475239141372e-01
9.974144839076928282e-01
9.969435275310070121e-01
9.968032090254631550e-01
9.977046038405148476e-01
9.977707448249356625e-01
9.996782105850536837e-01
9.981253486255521334e-01
9.983682167877517832e-01
9.988153940197852521e-01
9.993413513425311034e-01
9.992283752613217995e-01
9.983916558882408587e-01
9.985110305469439007e-01
9.988607779421871946e-01
9.979103161911913045e-01
9.971972292128850057e-01
9.984454307595715949e-01
9.977199776681752175e-01
9.965713994825993183e-01
9.979082519794398864e-01
9.971708063445976489e-01
9.979227445658886975e-01
9.976606615137907363e-01
9.984013208054429711e-01
9.974221660321686000e-01
9.971833616371870157e-01
9.979070067472930461e-01
9.983414131657886159e-01
9.986349766444324594e-01
9.985165718299977566e-01
9.988549492978686661e-01
9.986194160319499247e-01
9.987542579107243634e-01
9.989098784036124501e-01
9.983913445802042874e-01
9.987448540133376795e-01
9.981794084634703079e-01
9.998429595874497311e-01
9.989796209825505535e-01
9.982090066737323575e-01
9.984873352159937543e-01
9.997238555272709437e-01
9.992238529134188640e-01
9.986545627092977551e-01
9.988314503304493996e-01
9.995326034349011346e-01
9.988118786336472876e-01
9.994713847094766068e-01
1.000533717398151445e+00
9.994589407693772465e-01
9.993544083199951134e-01
9.996788715159623528e-01
9.997437924123467878e-01
9.999519030322447932e-01
9.998631574923408927e-01
