3.036584464209360235e+00
2.952965543953097516e+00
2.943214759736639152e+00
2.901024781200060687e+00
2.913581888678816956e+00
2.907969242154221590e+00
2.864447449188077588e+00
2.846610648792117448e+00
2.835195096538702941e+00
2.815265444896283498e+00
2.817596120148021743e+00
2.797951857311937740e+00
2.774502410391381790e+00
2.808130724737898820e+00
2.762801469331631399e+00
2.743585289705050112e+00
2.739637411217410889e+00
2.706246920876172801e+00
2.712715733819774488e+00
2.709053244138470706e+00
2.682654779552449575e+00
2.694165461407975748e+00
2.673665032152884979e+00
2.666244923188165750e+00
2.653592686107297816e+00
2.640702625021150052e+00
2.639370810591585403e+00
2.636992570538790659e+00
2.618394733325935864e+00
2.607787782690471179e+00
2.606693792266185916e+00
2.612401568392892948e+00
2.570187807455786455e+00
2.568689516222526059e+00
2.549235512590665387e+00
2.525928760073276713e+00
2.506760145247751481e+00
2.503763562781229801e+00
2.476865667784121872e+00
2.478649347823717708e+00
2.458291612971795104e+00
2.442904399830212903e+00
2.427208015481768122e+00
2.411868367141241976e+00
2.402997531744317961e+00
2.404590952579689578e+00
2.391724673894070285e+00
2.387253582594816681e+00
2.366455873333126902e+00
2.345741402473284776e+00
2.326596570048287127e+00
2.320270451507853160e+00
2.295715122962747490e+00
2.284965477924115529e+00
2.273621272872284216e+00
2.242787390587801077e+00
2.236187774441295684e+00
2.226781835032492385e+00
2.209908221857913802e+00
2.196007408749328871e+00
2.184960483704097456e+00
2.163817929634752169e+00
2.156362147069240898e+00
2.144696879610282547e+00
2.122698159121931383e+00
2.105735361945372919e+00
2.085651124699521741e+00
2.064692884234268000e+00
2.042777402147764487e+00
2.030791072281679099e+00
2.011848390261169239e+00
1.988904319351832095e+00
1.976388831073999874e+00
1.971870174973689993e+00
1.948099665646006784e+00
1.936826807795759553e+00
1.919733207416297605e+00
1.915589124124302600e+00
1.899220886960943044e+00
1.887412925098817418e+00
1.870420399921598920e+00
1.846034520980254889e+00
1.824993042113153940e+00
1.807043275314685449e+00
1.790151825339711067e+00
1.770263792898215227e+00
1.752094038894863370e+00
1.733163248074617524e+00
1.711533154794449452e+00
1.691279467944836412e+00
1.673915342759368929e+00
1.659078097629995696e+00
1.642632567664920273e+00
1.628886340159766632e+00
1.616451117483716171e+00
1.602208432367541846e+00
1.587817107248068016e+00
1.564031733920054679e+00
1.538597942955448161e+00
1.515582524844527157e+00
1.498612295667803629e+00
1.477173947991892389e+00
1.458958115587517534e+00
1.450218083393497004e+00
1.438358097530216373e+00
1.417034202656845654e+00
1.409881645698065622e+00
1.400190317482926883e+00
1.389297978041127202e+00
1.375358518531684116e+00
1.363309759864212989e+00
1.357384969332688041e+00
1.342712714606977720e+00
1.325824237432069008e+00
1.315348833199524670e+00
1.302459515313393990e+00
1.293956563924636427e+00
1.281747274053601338e+00
1.275047325904868689e+00
1.264013778459934123e+00
1.257518953515754934e+00
1.251004062171130471e+00
1.248642172518698690e+00
1.236507945849329992e+00
1.232446357759166666e+00
1.223904759969550948e+00
1.217973280637877576e+00
1.211352854890910269e+00
1.205171288753685399e+00
1.193147055686758495e+00
1.183046595862537576e+00
1.178173061754349771e+00
1.170884499192550443e+00
1.162946379816331532e+00
1.158123383309265453e+00
1.154706149633406120e+00
1.149052998707911666e+00
1.144338881003262198e+00
1.141881118548702112e+00
1.137884560459982541e+00
1.131720087923136830e+00
1.130558466297349796e+00
1.130371923093208775e+00
1.130619408698702699e+00
1.127066169419824071e+00
1.122775489924574988e+00
1.119435734850435571e+00
1.112740617501810192e+00
1.106598626765463500e+00
1.104338927115300351e+00
1.100774911436182668e+00
1.095244574313414265e+00
1.089899851394766195e+00
1.089347096382495828e+00
1.085954945707193087e+00
1.086746082124755652e+00
1.084477835674402701e+00
1.081144955200415758e+00
1.078315592737606465e+00
1.074492757652742991e+00
1.073172184123427630e+00
1.073079748621375673e+00
1.070003086353076505e+00
1.064992431841844667e+00
1.060778301948294811e+00
1.054346741905520357e+00
1.049700162502370748e+00
1.046295098726781170e+00
1.044498784286904680e+00
1.042585601644433924e+00
1.038753662359368279e+00
1.036793936815864292e+00
1.038038332343488523e+00
1.037374004428741170e+00
1.035170137679817470e+00
1.034900820573839031e+00
1.030093617067123324e+00
1.028374363178957474e+00
1.025842791672758825e+00
1.020279103449250213e+00
1.018597520511920873e+00
1.017249820182002829e+00
1.013613203151273456e+00
1.012836837834038883e+00
1.012647043129825342e+00
1.010738691287461855e+00
1.011675634258261347e+00
1.010037667871899858e+00
1.010357708379004515e+00
1.006875955651712840e+00
1.005502103971214645e+00
1.005430803219631741e+00
1.004499132323949606e+00
1.002136360121498093e+00
1.002699891534008181e+00
1.003855079834652164e+00
1.001899511566240353e+00
1.001635722010384422e+00
1.000406004683085825e+00
1.001231699901415695e+00
9.993248576840854103e-01
9.979903723794610881e-01
9.987721955718169564e-01
9.988788215491839484e-01
1.000190685703306048e+00
1.000597471587336251e+00
1.000184507853168814e+00
9.981974000340569919e-01
9.972940984765044092e-01
9.970770027841852068e-01
9.971089371598941264e-01
9.971244050102374690e-01
9.979895014419417620e-01
9.970567389712353679e-01
9.968510119166683614e-01
9.968232464285520233e-01
9.965993341985813769e-01
9.970341178207331456e-01
9.966211773115661865e-01
9.969229397432650686e-01
9.970352093957575157e-01
9.989779690763849196e-01
9.973261141397151697e-01
9.984913820905829684e-01
9.990039288207112067e-01
9.988244460167268191e-01
9.987293802833664413e-01
9.980731520875487650e-01
9.980972654443340808e-01
9.984284597579362597e-01
9.986759395571800368e-01
9.973568524278976222e-01
9.977883322937259880e-01
9.976080888709748518e-01
9.958779308450669276e-01
9.969714974130929885e-01
9.958811242826377530e-01
9.968852920174293697e-01
9.972342418439257283e-01
9.979606385725511286e-01
9.975140537470122970e-01
9.970208447329385049e-01
9.975412908663667810e-01
9.977667852994976938e-01
9.989870877922122361e-01
9.979086348932716399e-01
9.991318347048004922e-01
9.991247307577677539e-01
9.993719231476302367e-01
9.989471175663249269e-01
9.976275688401572417e-01
9.976088291678661957e-01
9.985067715565496549e-01
9.995879853274266535e-01
9.989606345166250900e-01
9.984441046989085411e-01
9.996954996610634137e-01
9.983872092538954579e-01
9.986478561768690199e-01
9.993488563674306491e-01
9.994845977860689068e-01
9.991727658650841892e-01
9.994498531852976653e-01
9.996158161358569272e-01
1.000462039351517340e+00
9.994089046062637482e-01
9.993002290226011830e-01
9.988217562713546105e-01
1.000317738068626339e+00
1.000257007595403369e+00
9.995234445025564796e-01
