6.309148264984230405e-03
1.261829652996846081e-02
4.416403785488961370e-02
1.514195583596215366e-01
2.712933753943218562e-01
5.993690851735019587e-01
1.186119873817035320e+00
2.050473186119874835e+00
3.835962145110412003e+00
5.123028391167195217e+00
5.924290220820192410e+00
5.186119873817037096e+00
3.842271293375391306e+00
2.555205047318616973e+00
1.514195583596217309e+00
1.123028391167191442e+00
1.047318611987380743e+00
7.255520504731874931e-01
5.488958990536287885e-01
7.192429022082011958e-01
7.507886435331223574e-01
8.895899053627777109e-01
8.643533123028407372e-01
9.905362776025227189e-01
9.842271293375385310e-01
9.337539432176648058e-01
8.706624605678273676e-01
7.697160883280750321e-01
6.561514195583590947e-01
6.246056782334413748e-01
4.794952681388008342e-01
5.299684542586746705e-01
4.353312302839112968e-01
3.785488958990532726e-01
3.343848580441655671e-01
3.091482649842277053e-01
2.460567823343846328e-01
1.703470031545739893e-01
2.145110410094635267e-01
1.514195583596213146e-01
1.388012618296528833e-01
1.514195583596213146e-01
1.009463722397486718e-01
8.832807570977910250e-02
5.678233438485799645e-02
1.198738170347002086e-01
8.832807570977910250e-02
6.940063091482644164e-02
9.463722397476331816e-02
8.201892744479488684e-02
6.309148264984221210e-02
8.201892744479488684e-02
1.072555205047329568e-01
8.201892744479488684e-02
8.832807570977910250e-02
8.832807570977910250e-02
8.201892744479488684e-02
1.198738170347002086e-01
8.201892744479488684e-02
8.201892744479578889e-02
3.785488958990532865e-02
2.523659305993688692e-02
1.261829652996844346e-02
6.309148264984221731e-03
0.000000000000000000e+00
0.000000000000000000e+00
0.000000000000000000e+00
0.000000000000000000e+00
0.000000000000000000e+00
