1.000000000000000000e+00
1.000000000000000000e+00
7.000000000000000000e+00
6.000000000000000000e+00
4.600000000000000000e+01
9.300000000000000000e+01
2.310000000000000000e+02
4.610000000000000000e+02
7.390000000000000000e+02
1.124000000000000000e+03
1.218000000000000000e+03
9.080000000000000000e+02
5.940000000000000000e+02
3.590000000000000000e+02
2.410000000000000000e+02
1.780000000000000000e+02
1.090000000000000000e+02
8.400000000000000000e+01
1.020000000000000000e+02
8.900000000000000000e+01
8.400000000000000000e+01
8.900000000000000000e+01
1.050000000000000000e+02
1.190000000000000000e+02
1.400000000000000000e+02
1.550000000000000000e+02
1.480000000000000000e+02
1.580000000000000000e+02
1.290000000000000000e+02
1.090000000000000000e+02
1.120000000000000000e+02
7.400000000000000000e+01
7.300000000000000000e+01
6.000000000000000000e+01
2.600000000000000000e+01
3.500000000000000000e+01
3.100000000000000000e+01
3.400000000000000000e+01
2.900000000000000000e+01
3.600000000000000000e+01
2.400000000000000000e+01
2.500000000000000000e+01
3.200000000000000000e+01
2.900000000000000000e+01
3.200000000000000000e+01
3.100000000000000000e+01
3.300000000000000000e+01
3.000000000000000000e+01
2.600000000000000000e+01
3.800000000000000000e+01
3.100000000000000000e+01
4.200000000000000000e+01
3.800000000000000000e+01
3.700000000000000000e+01
3.600000000000000000e+01
6.000000000000000000e+01
4.000000000000000000e+01
4.400000000000000000e+01
3.500000000000000000e+01
3.200000000000000000e+01
2.700000000000000000e+01
1.400000000000000000e+01
3.000000000000000000e+00
2.000000000000000000e+00
1.000000000000000000e+00
0.000000000000000000e+00
0.000000000000000000e+00
0.000000000000000000e+00
0.000000000000000000e+00
