0
0
0.01
0.105
0.22
0.495
1.19
2.43
4.505
6.62499999999999
7.4
6.07
3.86
2.16
1.46
0.774999999999999
0.59
0.535000000000001
0.445
0.495
0.440000000000001
0.619999999999999
0.759999999999999
0.700000000000001
0.704999999999999
0.714999999999999
0.549999999999999
0.844999999999999
0.465000000000002
0.559999999999999
0.515
0.305
0.27
0.22
0.225
0.195
0.185
0.135
0.165
0.0799999999999999
0.0999999999999999
0.105000000000001
0.0949999999999999
0.0999999999999999
0.0899999999999999
0.135
0.0749999999999999
0.0799999999999999
0.0699999999999999
0.04
0.05
0.0899999999999999
0.055
0.055
0.0749999999999999
0.0799999999999999
0.17
0.175000000000002
0.0899999999999999
0.11
0.0749999999999999
0.03
0.03
0
0
0
0
0
0
0
