0
0
0
0.11
0.255
0.455
1.23
2.36
4.55
6.93999999999999
6.845
6.19
3.69
2.265
1.385
0.819999999999999
0.585
0.540000000000001
0.58
0.5
0.465000000000001
0.505
0.704999999999999
0.925000000000002
0.794999999999999
0.575
0.719999999999999
0.854999999999999
0.465000000000002
0.495
0.4
0.255
0.295
0.275
0.215
0.115
0.27
0.115
0.185
0.0599999999999999
0.13
0.110000000000001
0.0849999999999999
0.125
0.0949999999999999
0.15
0.0699999999999999
0.0649999999999999
0.0749999999999999
0.025
0.04
0.0599999999999999
0.045
0.0799999999999999
0.0849999999999999
0.0649999999999999
0.19
0.130000000000001
0.125
0.16
0.03
0.045
0.025
0
0
0
0
0
0
0
