0
0
0.005
0.055
0.18
0.445
1.14
2.45
4.795
6.87499999999999
6.955
5.875
3.915
2.46
1.34
0.844999999999999
0.54
0.500000000000001
0.549999999999999
0.57
0.425000000000001
0.649999999999999
0.659999999999999
0.805000000000001
0.759999999999999
0.744999999999999
0.609999999999999
0.654999999999999
0.535000000000002
0.445
0.395
0.35
0.345
0.23
0.17
0.15
0.225
0.11
0.15
0.0949999999999999
0.145
0.0900000000000009
0.0799999999999999
0.0799999999999999
0.115
0.12
0.05
0.0649999999999999
0.0649999999999999
0.035
0.035
0.125
0.0749999999999999
0.0749999999999999
0.12
0.0799999999999999
0.19
0.095000000000001
0.125
0.13
0.04
0.04
0.02
0
0
0
0
0
0
0
