0.000000000000000000e+00
0.000000000000000000e+00
6.732193348592975697e-03
6.732193348592974136e-02
1.885014137606033091e-01
4.443247610071363596e-01
1.110811902517840899e+00
2.376464252053319903e+00
4.598088057089001701e+00
6.913962569004985959e+00
7.163053722902925635e+00
6.139760333916792767e+00
3.749831695166281786e+00
2.336071091961765767e+00
1.380099636461561863e+00
8.011310084825629119e-01
6.260939814191457398e-01
5.385754678874388190e-01
5.183788878416597523e-01
5.049145011444724496e-01
5.116466944930654348e-01
6.193617880705546419e-01
7.338090749966352799e-01
8.078632018311558971e-01
7.338090749966332815e-01
6.732193348592965254e-01
6.126295947219632110e-01
7.270768816480402963e-01
4.981823077958794643e-01
4.914501144472891991e-01
4.308603743099498340e-01
2.760199272923116176e-01
2.490911538979397322e-01
2.558233472465327174e-01
1.817692204120111010e-01
1.615726403662316180e-01
2.086979938063819318e-01
1.346438669718593162e-01
1.615726403662311739e-01
1.009829002288944871e-01
1.077150935774874585e-01
1.144472869260804160e-01
8.078632018311648899e-02
9.425070688030152966e-02
8.751851353170855830e-02
1.211794802746733873e-01
6.058974013733669367e-02
5.385754678874372925e-02
7.405412683452262945e-02
3.366096674296482905e-02
4.712535344015076483e-02
8.751851353170855830e-02
6.732193348593040749e-02
8.078632018311558693e-02
9.425070688030152966e-02
7.405412683452262945e-02
1.750370270634171166e-01
1.211794802746733873e-01
1.144472869260804160e-01
1.548404470176399372e-01
6.058974013733669367e-02
3.366096674296482905e-02
2.692877339437186462e-02
0.000000000000000000e+00
0.000000000000000000e+00
0.000000000000000000e+00
0.000000000000000000e+00
0.000000000000000000e+00
0.000000000000000000e+00
