0.000000000000000000e+00
0.000000000000000000e+00
0.000000000000000000e+00
4.000000000000000000e+00
0.000000000000000000e+00
0.000000000000000000e+00
2.000000000000000000e+00
2.000000000000000000e+00
2.000000000000000000e+00
7.000000000000000000e+00
3.000000000000000000e+01
9.100000000000000000e+01
1.850000000000000000e+02
2.740000000000000000e+02
4.690000000000000000e+02
6.230000000000000000e+02
7.990000000000000000e+02
1.024000000000000000e+03
1.053000000000000000e+03
1.034000000000000000e+03
1.042000000000000000e+03
1.143000000000000000e+03
1.113000000000000000e+03
1.088000000000000000e+03
1.145000000000000000e+03
1.147000000000000000e+03
1.054000000000000000e+03
1.175000000000000000e+03
1.184000000000000000e+03
1.109000000000000000e+03
1.022000000000000000e+03
9.760000000000000000e+02
8.880000000000000000e+02
7.550000000000000000e+02
7.340000000000000000e+02
6.210000000000000000e+02
5.330000000000000000e+02
5.080000000000000000e+02
4.690000000000000000e+02
4.310000000000000000e+02
3.270000000000000000e+02
3.390000000000000000e+02
2.870000000000000000e+02
2.480000000000000000e+02
2.210000000000000000e+02
2.030000000000000000e+02
1.720000000000000000e+02
1.490000000000000000e+02
1.070000000000000000e+02
9.600000000000000000e+01
1.050000000000000000e+02
8.800000000000000000e+01
7.200000000000000000e+01
7.700000000000000000e+01
6.400000000000000000e+01
5.500000000000000000e+01
4.600000000000000000e+01
3.100000000000000000e+01
3.600000000000000000e+01
3.200000000000000000e+01
2.300000000000000000e+01
2.400000000000000000e+01
2.500000000000000000e+01
2.900000000000000000e+01
1.300000000000000000e+01
1.200000000000000000e+01
1.300000000000000000e+01
1.400000000000000000e+01
1.100000000000000000e+01
1.300000000000000000e+01
