1.000000000000000000e+00
1.000000000000000000e+00
3.000000000000000000e+00
6.000000000000000000e+00
4.000000000000000000e+00
5.000000000000000000e+00
9.000000000000000000e+00
6.000000000000000000e+00
1.200000000000000000e+01
1.200000000000000000e+01
2.400000000000000000e+01
3.500000000000000000e+01
5.700000000000000000e+01
7.800000000000000000e+01
9.000000000000000000e+01
1.290000000000000000e+02
1.510000000000000000e+02
2.010000000000000000e+02
2.740000000000000000e+02
2.860000000000000000e+02
4.010000000000000000e+02
4.600000000000000000e+02
6.180000000000000000e+02
7.570000000000000000e+02
8.320000000000000000e+02
1.005000000000000000e+03
1.081000000000000000e+03
1.167000000000000000e+03
1.185000000000000000e+03
1.167000000000000000e+03
1.232000000000000000e+03
1.174000000000000000e+03
1.190000000000000000e+03
1.135000000000000000e+03
1.158000000000000000e+03
1.094000000000000000e+03
1.174000000000000000e+03
1.055000000000000000e+03
1.026000000000000000e+03
9.570000000000000000e+02
9.020000000000000000e+02
8.040000000000000000e+02
6.620000000000000000e+02
6.150000000000000000e+02
4.880000000000000000e+02
3.630000000000000000e+02
3.030000000000000000e+02
2.620000000000000000e+02
2.100000000000000000e+02
1.760000000000000000e+02
1.330000000000000000e+02
1.210000000000000000e+02
9.300000000000000000e+01
8.300000000000000000e+01
4.900000000000000000e+01
3.500000000000000000e+01
3.900000000000000000e+01
2.600000000000000000e+01
2.600000000000000000e+01
2.300000000000000000e+01
2.000000000000000000e+01
1.800000000000000000e+01
7.000000000000000000e+00
8.000000000000000000e+00
6.000000000000000000e+00
2.000000000000000000e+00
6.000000000000000000e+00
2.000000000000000000e+00
2.000000000000000000e+00
2.000000000000000000e+00
