0.000000000000000000e+00
0.000000000000000000e+00
1.000000000000000000e+00
0.000000000000000000e+00
0.000000000000000000e+00
0.000000000000000000e+00
3.000000000000000000e+00
1.000000000000000000e+00
5.000000000000000000e+00
8.000000000000000000e+00
4.600000000000000000e+01
1.640000000000000000e+02
4.150000000000000000e+02
6.170000000000000000e+02
8.200000000000000000e+02
9.450000000000000000e+02
1.039000000000000000e+03
1.195000000000000000e+03
1.430000000000000000e+03
1.388000000000000000e+03
1.306000000000000000e+03
1.178000000000000000e+03
1.056000000000000000e+03
9.980000000000000000e+02
9.140000000000000000e+02
8.820000000000000000e+02
8.250000000000000000e+02
7.750000000000000000e+02
6.620000000000000000e+02
6.540000000000000000e+02
5.910000000000000000e+02
4.850000000000000000e+02
4.690000000000000000e+02
4.210000000000000000e+02
3.800000000000000000e+02
4.040000000000000000e+02
3.980000000000000000e+02
3.110000000000000000e+02
2.920000000000000000e+02
2.130000000000000000e+02
1.850000000000000000e+02
1.970000000000000000e+02
1.420000000000000000e+02
1.570000000000000000e+02
1.400000000000000000e+02
1.360000000000000000e+02
1.280000000000000000e+02
1.120000000000000000e+02
8.900000000000000000e+01
8.800000000000000000e+01
8.300000000000000000e+01
7.900000000000000000e+01
7.400000000000000000e+01
8.400000000000000000e+01
7.700000000000000000e+01
7.800000000000000000e+01
5.500000000000000000e+01
7.900000000000000000e+01
5.700000000000000000e+01
5.300000000000000000e+01
4.600000000000000000e+01
4.900000000000000000e+01
4.900000000000000000e+01
4.600000000000000000e+01
4.200000000000000000e+01
4.500000000000000000e+01
3.000000000000000000e+01
2.900000000000000000e+01
4.200000000000000000e+01
2.500000000000000000e+01
