5.000000000000000000e+00
4.000000000000000000e+00
7.000000000000000000e+00
7.000000000000000000e+00
8.000000000000000000e+00
1.000000000000000000e+01
1.100000000000000000e+01
1.400000000000000000e+01
2.200000000000000000e+01
3.800000000000000000e+01
4.900000000000000000e+01
6.000000000000000000e+01
9.300000000000000000e+01
1.260000000000000000e+02
1.620000000000000000e+02
2.070000000000000000e+02
2.580000000000000000e+02
3.140000000000000000e+02
3.900000000000000000e+02
4.060000000000000000e+02
5.360000000000000000e+02
5.340000000000000000e+02
5.720000000000000000e+02
6.710000000000000000e+02
7.780000000000000000e+02
8.380000000000000000e+02
8.490000000000000000e+02
9.610000000000000000e+02
9.330000000000000000e+02
9.450000000000000000e+02
1.026000000000000000e+03
1.058000000000000000e+03
9.810000000000000000e+02
9.490000000000000000e+02
9.230000000000000000e+02
9.510000000000000000e+02
8.410000000000000000e+02
7.660000000000000000e+02
7.100000000000000000e+02
6.960000000000000000e+02
5.580000000000000000e+02
6.100000000000000000e+02
5.330000000000000000e+02
4.600000000000000000e+02
3.970000000000000000e+02
4.090000000000000000e+02
4.240000000000000000e+02
3.580000000000000000e+02
3.160000000000000000e+02
2.660000000000000000e+02
2.080000000000000000e+02
2.110000000000000000e+02
1.670000000000000000e+02
8.800000000000000000e+01
8.800000000000000000e+01
6.600000000000000000e+01
5.000000000000000000e+01
2.900000000000000000e+01
1.700000000000000000e+01
2.000000000000000000e+01
1.600000000000000000e+01
1.200000000000000000e+01
8.000000000000000000e+00
6.000000000000000000e+00
3.000000000000000000e+00
2.000000000000000000e+00
1.000000000000000000e+00
4.000000000000000000e+00
0.000000000000000000e+00
2.000000000000000000e+00
