0.000000000000000000e+00
0.000000000000000000e+00
3.000000000000000000e+00
7.000000000000000000e+00
3.000000000000000000e+01
6.900000000000000000e+01
1.420000000000000000e+02
3.040000000000000000e+02
6.080000000000000000e+02
8.050000000000000000e+02
9.200000000000000000e+02
7.390000000000000000e+02
4.870000000000000000e+02
2.990000000000000000e+02
1.900000000000000000e+02
1.130000000000000000e+02
8.200000000000000000e+01
6.500000000000000000e+01
5.200000000000000000e+01
4.600000000000000000e+01
3.100000000000000000e+01
3.100000000000000000e+01
3.400000000000000000e+01
3.500000000000000000e+01
2.300000000000000000e+01
2.700000000000000000e+01
2.300000000000000000e+01
3.000000000000000000e+01
4.100000000000000000e+01
3.200000000000000000e+01
3.300000000000000000e+01
4.000000000000000000e+01
3.600000000000000000e+01
4.500000000000000000e+01
3.300000000000000000e+01
5.100000000000000000e+01
6.100000000000000000e+01
6.100000000000000000e+01
5.300000000000000000e+01
7.000000000000000000e+01
5.700000000000000000e+01
8.700000000000000000e+01
7.200000000000000000e+01
8.300000000000000000e+01
9.700000000000000000e+01
1.010000000000000000e+02
8.600000000000000000e+01
1.020000000000000000e+02
6.800000000000000000e+01
8.100000000000000000e+01
6.100000000000000000e+01
6.200000000000000000e+01
5.800000000000000000e+01
5.900000000000000000e+01
5.100000000000000000e+01
5.400000000000000000e+01
6.000000000000000000e+01
5.300000000000000000e+01
5.000000000000000000e+01
4.300000000000000000e+01
2.400000000000000000e+01
1.400000000000000000e+01
8.000000000000000000e+00
6.000000000000000000e+00
0.000000000000000000e+00
0.000000000000000000e+00
0.000000000000000000e+00
0.000000000000000000e+00
0.000000000000000000e+00
