0.000000000000000000e+00
9.913750371765644998e-03
3.965500148706257999e-02
2.478437592941410902e-02
2.181025081788441344e-01
4.312481411718054880e-01
9.566769108753846451e-01
2.042232576583722814e+00
4.134033905026273992e+00
6.007732725289979925e+00
7.400614652523053394e+00
6.339843362744129074e+00
4.039853276494493883e+00
2.537920095172008228e+00
1.432536928720137492e+00
9.963319123624457818e-01
7.683156538118363077e-01
6.245662734212363842e-01
6.096956478635879861e-01
5.948250223059378117e-01
5.749975215624064662e-01
6.790919004659475844e-01
7.484881530683071826e-01
8.377119064141957949e-01
9.170219093883207329e-01
7.980569049271332149e-01
7.237037771388949992e-01
8.030137801130160513e-01
5.601268960047580681e-01
5.254287697035813220e-01
3.816793893129767357e-01
3.668087637553283376e-01
2.379300089223751191e-01
2.131456329929610483e-01
1.883612570635480321e-01
1.338356300188363601e-01
1.536631307623672615e-01
7.931000297412504896e-02
8.426687816000785758e-02
1.387925052047188357e-01
8.426687816000785758e-02
9.418062853177348870e-02
7.931000297412592326e-02
5.452562704471097116e-02
6.443937741647659534e-02
1.487062555764844494e-02
8.426687816000785758e-02
1.040943789035391198e-01
4.461187667294533310e-02
5.452562704471097116e-02
5.948250223059377978e-02
6.939625260235941784e-02
8.922375334589166540e-02
6.443937741647659534e-02
1.040943789035391198e-01
9.418062853177348870e-02
1.090512540894219423e-01
6.443937741647659534e-02
8.922375334589066620e-02
9.913750371765740754e-02
8.426687816000785758e-02
2.974125111529688989e-02
4.956875185882815560e-03
0.000000000000000000e+00
0.000000000000000000e+00
4.956875185882815560e-03
0.000000000000000000e+00
0.000000000000000000e+00
0.000000000000000000e+00
