0.000000000000000000e+00
8.048937540244691796e-03
2.414681262073407539e-02
7.244043786220222270e-02
1.207340631036703665e-01
3.783000643915005456e-01
1.078557630392788846e+00
2.149066323245332644e+00
3.774951706374760185e+00
6.584030907920157993e+00
7.227945911139733504e+00
5.698647778493241667e+00
3.452994204764967989e+00
2.648100450740507483e+00
1.947842884739218183e+00
1.553444945267223209e+00
1.521249195106244567e+00
1.239536381197684278e+00
1.183193818415971377e+00
1.062459755312297860e+00
9.819703799098510322e-01
7.163554410817785101e-01
7.646490663232468066e-01
6.036703155183510416e-01
5.634256278171275722e-01
4.668383773341914234e-01
4.909851899549282361e-01
3.139085640695425394e-01
3.219575016097872000e-01
2.414681262073417600e-01
2.092723760463617022e-01
2.656149388280744650e-01
2.092723760463617022e-01
1.529298132646489394e-01
1.207340631036708800e-01
1.529298132646493558e-01
8.853831294269148833e-02
9.658725048293616278e-02
1.368319381841595628e-01
8.048937540244680000e-02
4.024468770122340000e-02
3.219575016097872555e-02
4.829362524146862262e-02
3.219575016097872555e-02
7.244043786220212555e-02
4.829362524146808139e-02
4.829362524146808139e-02
4.024468770122340000e-02
1.046361880231808511e-01
4.829362524146808139e-02
4.024468770122340000e-02
1.609787508048936278e-02
8.853831294269245977e-02
5.634256278171276972e-02
8.853831294269148833e-02
8.048937540244680000e-02
7.244043786220212555e-02
8.853831294269148833e-02
1.287830006439149022e-01
3.219575016097907944e-02
5.634256278171276972e-02
2.414681262073404069e-02
0.000000000000000000e+00
8.048937540244681388e-03
0.000000000000000000e+00
0.000000000000000000e+00
0.000000000000000000e+00
0.000000000000000000e+00
0.000000000000000000e+00
