9.599999999999999142e-07
1.919999999999999828e-06
2.879999999999999954e-06
3.839999999999999657e-06
4.800000000000000630e-06
5.759999999999999909e-06
6.720000000000000035e-06
7.679999999999999314e-06
8.640000000000000287e-06
9.600000000000001260e-06
1.055999999999999884e-05
1.151999999999999982e-05
1.247999999999999910e-05
1.344000000000000007e-05
1.439999999999999935e-05
1.535999999999999863e-05
1.631999999999999960e-05
1.728000000000000057e-05
1.824000000000000155e-05
1.920000000000000252e-05
2.015999999999999672e-05
2.111999999999999769e-05
2.207999999999999866e-05
2.303999999999999964e-05
2.400000000000000061e-05
2.495999999999999819e-05
2.591999999999999917e-05
2.688000000000000014e-05
2.783999999999999772e-05
2.879999999999999870e-05
2.975999999999999967e-05
3.071999999999999725e-05
3.216000000000000380e-05
3.407999999999999897e-05
3.600000000000000091e-05
3.792000000000000286e-05
3.983999999999999803e-05
4.175999999999999320e-05
4.368000000000000192e-05
4.559999999999999709e-05
4.751999999999999904e-05
4.944000000000000098e-05
5.135999999999999615e-05
5.328000000000000487e-05
5.520000000000000004e-05
5.711999999999999521e-05
5.903999999999999716e-05
6.095999999999999910e-05
6.383999999999998508e-05
6.767999999999998898e-05
7.151999999999999287e-05
7.535999999999999676e-05
7.920000000000000065e-05
8.304000000000000454e-05
8.688000000000000844e-05
9.071999999999999877e-05
9.456000000000000267e-05
9.839999999999997945e-05
1.022399999999999969e-04
1.060800000000000008e-04
1.099200000000000047e-04
1.137599999999999950e-04
1.175999999999999989e-04
1.214400000000000028e-04
1.272000000000000019e-04
1.348800000000000097e-04
1.425599999999999903e-04
1.502399999999999981e-04
1.579199999999999788e-04
1.655999999999999866e-04
1.732799999999999944e-04
1.809600000000000021e-04
1.886399999999999828e-04
1.963199999999999906e-04
2.039999999999999984e-04
2.116800000000000062e-04
2.193599999999999869e-04
2.270399999999999946e-04
2.347200000000000024e-04
2.423999999999999831e-04
2.539200000000000354e-04
2.692799999999999968e-04
2.846399999999999582e-04
3.000000000000000279e-04
3.153599999999999893e-04
3.307199999999999506e-04
3.460800000000000204e-04
3.614399999999999818e-04
3.767999999999999973e-04
3.921600000000000129e-04
4.075199999999999743e-04
4.228799999999999898e-04
4.382400000000000054e-04
4.535999999999999668e-04
4.689599999999999281e-04
4.843199999999999979e-04
5.073599999999999942e-04
5.380799999999999169e-04
5.688000000000000564e-04
5.995199999999998707e-04
6.302400000000000103e-04
6.609599999999999330e-04
6.916799999999999641e-04
7.223999999999999953e-04
7.531199999999999180e-04
7.838399999999999491e-04
8.145599999999999802e-04
8.452800000000000114e-04
8.759999999999999341e-04
9.067199999999999652e-04
9.374399999999999964e-04
9.681600000000000275e-04
1.014240000000000020e-03
1.075679999999999865e-03
1.137119999999999928e-03
1.198559999999999990e-03
1.259999999999999835e-03
1.321439999999999898e-03
1.382879999999999960e-03
1.444320000000000022e-03
1.505760000000000084e-03
1.567199999999999930e-03
1.628639999999999992e-03
1.690079999999999838e-03
1.751519999999999900e-03
1.812959999999999962e-03
1.874399999999999808e-03
1.935839999999999870e-03
2.027999999999999855e-03
2.150879999999999979e-03
2.273759999999999670e-03
2.396639999999999795e-03
2.519519999999999919e-03
2.642399999999999610e-03
2.765280000000000168e-03
2.888159999999999859e-03
3.011039999999999984e-03
3.133920000000000108e-03
3.256799999999999799e-03
3.379679999999999924e-03
3.502560000000000048e-03
3.625439999999999739e-03
3.748319999999999864e-03
3.871199999999999988e-03
4.055519999999999958e-03
4.301279999999999340e-03
4.547039999999999589e-03
4.792799999999999838e-03
5.038559999999999220e-03
5.284320000000000336e-03
5.530079999999999718e-03
5.775839999999999967e-03
6.021600000000000216e-03
6.267359999999999598e-03
6.513119999999999847e-03
6.758880000000000096e-03
7.004639999999999478e-03
7.250399999999999727e-03
7.496159999999999976e-03
7.741919999999999358e-03
8.110559999999999298e-03
8.602079999999999796e-03
9.093600000000000294e-03
9.585119999999999058e-03
1.007663999999999956e-02
1.056816000000000005e-02
1.105967999999999882e-02
1.155119999999999932e-02
1.204271999999999981e-02
1.253424000000000031e-02
1.302575999999999908e-02
1.351727999999999957e-02
1.400880000000000007e-02
1.450032000000000057e-02
1.499183999999999933e-02
1.548335999999999983e-02
1.622063999999999798e-02
1.720367999999999897e-02
1.818671999999999997e-02
1.916975999999999750e-02
2.015279999999999849e-02
2.113583999999999949e-02
2.211888000000000049e-02
2.310191999999999801e-02
2.408495999999999901e-02
2.506800000000000000e-02
2.605103999999999753e-02
2.703407999999999853e-02
2.801711999999999952e-02
2.900016000000000052e-02
2.998319999999999805e-02
3.096623999999999904e-02
3.244079999999999880e-02
3.440688000000000080e-02
3.637295999999999585e-02
3.833903999999999784e-02
4.030511999999999984e-02
4.227120000000000183e-02
4.423727999999999688e-02
4.620335999999999887e-02
4.816944000000000087e-02
5.013551999999999592e-02
5.210159999999999791e-02
5.406767999999999991e-02
5.603376000000000190e-02
5.799983999999999695e-02
5.996591999999999895e-02
6.193199999999999400e-02
6.488112000000000046e-02
6.881328000000000444e-02
7.274543999999999455e-02
7.667759999999999854e-02
8.060976000000000252e-02
8.454191999999999263e-02
8.847407999999999662e-02
9.240624000000000060e-02
9.633840000000000459e-02
1.002705599999999947e-01
1.042027199999999987e-01
1.081348800000000027e-01
1.120670399999999928e-01
1.159991999999999968e-01
1.199313600000000007e-01
1.238635199999999909e-01
1.297617599999999760e-01
1.376260799999999840e-01
1.454903999999999920e-01
1.533547199999999999e-01
1.612190399999999801e-01
1.690833599999999881e-01
1.769476799999999961e-01
1.848120000000000041e-01
1.926763199999999843e-01
2.005406399999999922e-01
2.084049600000000002e-01
2.162692800000000082e-01
2.241335999999999884e-01
2.319979199999999964e-01
2.398622400000000043e-01
2.477265600000000123e-01
2.595230399999999826e-01
2.752516799999999986e-01
2.909803200000000145e-01
3.067089599999999749e-01
3.224375999999999909e-01
3.381662400000000068e-01
3.538948799999999673e-01
3.696235199999999832e-01
3.853521599999999991e-01
4.010807999999999596e-01
4.168094399999999755e-01
4.325380799999999915e-01
4.482667199999999519e-01
4.639953599999999678e-01
4.797239999999999838e-01
4.954526399999999997e-01
5.190455999999998848e-01
5.505028799999999167e-01
5.819601599999999486e-01
6.134174399999998695e-01
6.448747200000000124e-01
6.763320000000000443e-01
7.077892800000000761e-01
7.392465599999999970e-01
7.707038400000000289e-01
8.021611200000000608e-01
8.336183999999999816e-01
8.650756800000000135e-01
8.965329599999998234e-01
9.279902399999999663e-01
9.594475199999999981e-01
