0
0
0.015
0.055
0.155
0.365
1.025
2.28
3.905
6.70499999999999
7.335
6.28
3.985
2.495
1.49
1.085
0.934999999999999
0.620000000000001
0.44
0.465
0.515000000000001
0.485
0.729999999999999
0.815000000000002
0.614999999999999
0.769999999999999
0.809999999999999
0.654999999999999
0.480000000000002
0.485
0.28
0.27
0.25
0.215
0.165
0.2
0.12
0.125
0.16
0.0749999999999999
0.105
0.0650000000000007
0.0799999999999999
0.0799999999999999
0.0999999999999999
0.0849999999999999
0.105
0.11
0.0999999999999999
0.125
0.0799999999999999
0.0599999999999999
0.0899999999999999
0.11
0.17
0.0749999999999999
0.0899999999999999
0.100000000000001
0.145
0.0849999999999999
0.0699999999999999
0.0699999999999999
0.02
0.015
0
0.00999999999999999
0
0
0
0
