0.005
0
0
0.045
0.17
0.47
1.115
2.385
3.7
6.78499999999999
7.275
5.74
4.09
2.345
1.435
1.065
0.854999999999999
0.480000000000001
0.505
0.41
0.525000000000001
0.629999999999999
0.814999999999999
0.775000000000001
0.575
0.889999999999999
0.784999999999999
0.754999999999999
0.485000000000002
0.41
0.35
0.36
0.31
0.215
0.23
0.245
0.165
0.15
0.18
0.13
0.0899999999999999
0.115000000000001
0.0749999999999999
0.0699999999999999
0.115
0.0599999999999999
0.0849999999999999
0.13
0.0949999999999999
0.0899999999999999
0.0949999999999999
0.11
0.0899999999999999
0.0949999999999999
0.22
0.105
0.0799999999999999
0.095000000000001
0.125
0.045
0.05
0.0749999999999999
0.015
0.00999999999999999
0
0.00999999999999999
0
0
0
0
