0
0
0.025
0.03
0.115
0.625
0.994999999999999
2.395
3.865
6.58499999999999
7.045
6.29
3.94
2.32
1.45
1.075
0.879999999999999
0.625000000000001
0.48
0.425
0.495000000000001
0.525
0.739999999999999
0.780000000000001
0.679999999999999
0.784999999999999
0.794999999999999
0.719999999999999
0.505000000000002
0.365
0.4
0.38
0.315
0.22
0.24
0.24
0.165
0.185
0.19
0.0949999999999999
0.0849999999999999
0.0750000000000008
0.0599999999999999
0.0849999999999999
0.11
0.025
0.0749999999999999
0.12
0.0799999999999999
0.115
0.0849999999999999
0.0649999999999999
0.105
0.0749999999999999
0.205
0.11
0.105
0.115000000000001
0.0849999999999999
0.0749999999999999
0.05
0.0699999999999999
0.03
0.005
0
0.005
0
0
0
0
