0.000000000000000000e+00
1.445295562942622639e-02
0.000000000000000000e+00
8.671773377655735138e-02
8.671773377655735138e-02
3.324179794768031826e-01
8.454979043214341239e-01
2.066772655007950377e+00
3.598785951727129895e+00
5.383725971961268897e+00
6.135279664691432266e+00
5.087440381558030467e+00
3.764994941465526601e+00
2.652117357999716152e+00
1.683769330828157607e+00
1.445295562942620515e+00
1.206821795057088087e+00
9.972539384304108800e-01
9.828009828009846016e-01
8.744038155802853485e-01
7.949125596184413167e-01
7.876860818037303424e-01
7.226477814713121450e-01
6.937418702124578118e-01
5.997976586211875016e-01
4.841740135857778293e-01
5.058534470299199670e-01
5.058534470299171915e-01
3.902298019945075747e-01
4.335886688827885749e-01
3.830033241797944354e-01
2.312472900708192891e-01
3.251915016620896548e-01
2.095678566266799547e-01
3.396444572915177096e-01
2.529267235149593174e-01
2.673796791443848186e-01
2.312472900708192891e-01
2.457002457002454565e-01
2.023413788119668710e-01
2.962855904032372090e-01
1.951149009972537873e-01
2.023413788119691192e-01
2.312472900708192891e-01
1.589825119236882578e-01
2.384737678855324006e-01
1.662089897384013693e-01
1.589825119236882578e-01
1.734354675531144530e-01
1.662089897384013693e-01
2.384737678855324006e-01
1.589825119236882578e-01
1.806619453678295628e-01
1.951149009972537873e-01
1.878884231825406759e-01
2.457002457002454565e-01
2.529267235149585957e-01
1.589825119236882578e-01
2.095678566266799547e-01
1.445295562942636447e-01
1.156236450354096446e-01
6.503830033241791986e-02
7.226477814713102785e-03
0.000000000000000000e+00
0.000000000000000000e+00
0.000000000000000000e+00
0.000000000000000000e+00
0.000000000000000000e+00
0.000000000000000000e+00
