0.000000000000000000e+00
0.000000000000000000e+00
1.213003396409510597e-02
1.213003396409510597e-02
1.940805434255216955e-01
3.517709849587580262e-01
9.340126152353230848e-01
2.231926249393499706e+00
4.463852498786999412e+00
6.768558951965069070e+00
7.920912178554103455e+00
6.319747695293550294e+00
4.136341581756425079e+00
2.256186317321692947e+00
1.601164483260556270e+00
8.854924793789414883e-01
6.914119359534199871e-01
6.307617661329464331e-01
5.822416302765658358e-01
5.458515283842790833e-01
4.730713245997084648e-01
5.579815623483757037e-01
5.094614264919952173e-01
4.124211547792330235e-01
5.458515283842790833e-01
5.215914604560888401e-01
5.579815623483772580e-01
4.245511887433280895e-01
4.124211547792330235e-01
2.911208151382837506e-01
2.547307132459968870e-01
2.062105773896165117e-01
2.183406113537116056e-01
1.940805434255214179e-01
1.698204754973322017e-01
2.062105773896170668e-01
1.698204754973312580e-01
2.062105773896165117e-01
1.698204754973312580e-01
4.852013585638035448e-02
1.698204754973312580e-01
7.278020378457052131e-02
8.491023774866655882e-02
1.213003396409508827e-01
3.639010189228526065e-02
1.213003396409508827e-01
9.704027171276070896e-02
1.091703056768558028e-01
1.455604075691410426e-01
1.334303736050459765e-01
9.704027171276070896e-02
7.278020378457052131e-02
1.698204754973331176e-01
8.491023774866562901e-02
1.819505094614263241e-01
1.455604075691410426e-01
2.304706453178066994e-01
2.668607472100919531e-01
2.183406113537116056e-01
1.213003396409522289e-01
1.576904415332361642e-01
4.852013585638035448e-02
1.213003396409508862e-02
1.213003396409508862e-02
0.000000000000000000e+00
0.000000000000000000e+00
0.000000000000000000e+00
0.000000000000000000e+00
0.000000000000000000e+00
