0.000000000000000000e+00
1.709109553922407571e-02
5.127328661767222018e-02
8.545547769612035771e-02
1.538198598530166605e-01
3.845496496325416236e-01
1.162194496667237065e+00
2.230387967868741494e+00
4.024952999487268812e+00
5.614424884635107915e+00
6.280977610664847610e+00
5.058964279610325576e+00
3.341309177918301287e+00
2.332934541104088932e+00
1.640745171765513266e+00
1.110921210049563346e+00
8.203725858827543016e-01
6.665527260297396950e-01
5.041873184071108405e-01
5.554606050247816729e-01
4.272773884806012057e-01
4.187318407109903440e-01
2.990941719364216822e-01
3.760041018629290965e-01
3.760041018629290965e-01
2.990941719364208495e-01
3.247308152452587637e-01
3.161852674756449044e-01
3.503674585540930142e-01
2.392753375491380174e-01
3.589130063237050416e-01
3.930951974021531514e-01
3.161852674756449044e-01
2.990941719364208495e-01
2.478208853187501004e-01
2.307297897795252961e-01
3.503674585540930142e-01
2.990941719364208495e-01
2.990941719364208495e-01
2.990941719364208495e-01
3.760041018629290965e-01
3.161852674756449044e-01
3.760041018629332044e-01
3.845496496325411240e-01
4.101862929413771508e-01
5.212784139463334521e-01
5.725517005640056167e-01
4.272773884806012057e-01
3.503674585540930142e-01
3.332763630148689593e-01
3.674585540933170691e-01
3.076397197060328770e-01
3.930951974021575368e-01
3.760041018629290965e-01
2.990941719364208495e-01
3.589130063237050416e-01
3.418219107844809868e-01
2.734575286275848227e-01
2.734575286275848227e-01
1.965475987010787684e-01
1.538198598530164385e-01
8.545547769612025710e-03
2.563664330883607193e-02
0.000000000000000000e+00
0.000000000000000000e+00
0.000000000000000000e+00
0.000000000000000000e+00
0.000000000000000000e+00
0.000000000000000000e+00
