0
0
0.02
0.01
0.195
0.46
0.844999999999999
2.11
4.39
6.70499999999999
7.93
6.2
4.32
2.165
1.59
1.04
0.654999999999999
0.640000000000001
0.709999999999999
0.629999999999999
0.485000000000001
0.59
0.355
0.375000000000001
0.585
0.54
0.58
0.5
0.505000000000002
0.285
0.215
0.185
0.185
0.195
0.2
0.215
0.155
0.205
0.13
0.045
0.155
0.0650000000000007
0.105
0.125
0.03
0.0799999999999999
0.055
0.115
0.13
0.105
0.13
0.0699999999999999
0.185
0.0799999999999999
0.22
0.145
0.27
0.290000000000003
0.23
0.0899999999999999
0.13
0.04
0.00999999999999999
0
0
0
0
0
0
0
