0
0
0.01
0
0.21
0.335
0.964999999999999
2.26
4.465
6.61499999999999
8.115
6.24
4.19
2.265
1.525
0.979999999999999
0.674999999999999
0.530000000000001
0.535
0.585
0.500000000000001
0.585
0.485
0.405000000000001
0.59
0.48
0.5
0.46
0.430000000000002
0.335
0.315
0.15
0.22
0.22
0.18
0.14
0.145
0.24
0.165
0.0599999999999999
0.14
0.0650000000000007
0.0899999999999999
0.11
0.0649999999999999
0.125
0.115
0.105
0.13
0.12
0.11
0.0949999999999999
0.16
0.0999999999999999
0.22
0.155
0.21
0.250000000000003
0.18
0.0799999999999999
0.16
0.0599999999999999
0.02
0.03
0
0
0
0
0
0
