0
0
0.005
0.02
0.205
0.365
0.864999999999999
2.18
4.65
6.49499999999999
8.12
6.01
4.215
2.225
1.675
0.954999999999999
0.634999999999999
0.655000000000001
0.54
0.51
0.515000000000001
0.57
0.51
0.455000000000001
0.45
0.525
0.535
0.435
0.395000000000002
0.3
0.305
0.185
0.235
0.18
0.165
0.24
0.15
0.23
0.175
0.045
0.13
0.0850000000000009
0.0699999999999999
0.13
0.045
0.115
0.12
0.115
0.155
0.14
0.125
0.0899999999999999
0.185
0.0849999999999999
0.215
0.14
0.225
0.305000000000003
0.22
0.155
0.16
0.04
0.005
0.02
0
0
0
0
0
0
