-1.900000000000000022e-01
-1.700000000000000400e-01
-1.500000000000000222e-01
-1.300000000000000600e-01
-1.100000000000000561e-01
-9.000000000000006606e-02
-7.000000000000007605e-02
-5.000000000000008604e-02
-3.000000000000009603e-02
-1.000000000000010603e-02
9.999999999999883982e-03
2.999999999999987399e-02
4.999999999999987788e-02
6.999999999999986788e-02
8.999999999999983014e-02
1.099999999999998201e-01
1.299999999999998379e-01
1.499999999999998279e-01
1.699999999999997902e-01
1.899999999999997802e-01
2.099999999999997979e-01
2.299999999999997879e-01
2.499999999999997502e-01
2.699999999999997402e-01
2.899999999999997580e-01
3.099999999999997757e-01
3.299999999999997380e-01
3.499999999999997002e-01
3.699999999999997180e-01
3.899999999999996803e-01
4.099999999999996425e-01
4.299999999999996603e-01
4.499999999999996780e-01
4.699999999999996958e-01
4.899999999999996581e-01
5.099999999999995648e-01
5.299999999999995826e-01
5.499999999999996003e-01
5.699999999999996181e-01
5.899999999999996358e-01
6.099999999999996536e-01
6.299999999999996714e-01
6.499999999999995781e-01
6.699999999999994849e-01
6.899999999999995026e-01
7.099999999999995204e-01
7.299999999999995381e-01
7.499999999999995559e-01
7.699999999999995737e-01
7.899999999999995914e-01
8.099999999999996092e-01
8.299999999999996270e-01
8.499999999999995337e-01
8.699999999999994404e-01
8.899999999999994582e-01
9.099999999999994760e-01
9.299999999999994937e-01
9.499999999999995115e-01
9.699999999999995293e-01
9.899999999999994360e-01
1.009999999999999343e+00
1.029999999999999361e+00
1.049999999999999378e+00
1.069999999999999396e+00
1.089999999999999414e+00
1.109999999999999432e+00
1.129999999999999449e+00
1.149999999999999467e+00
1.169999999999999485e+00
1.189999999999999485e+00
