0.000000000000000000e+00
7.855459544383351297e-03
3.142183817753340519e-02
6.284367635506681038e-02
1.492537313432836521e-01
4.948939512961510467e-01
9.819324430479187127e-01
2.238805970149254865e+00
4.021995286724275864e+00
6.032992930086413352e+00
6.205813040062847286e+00
5.373134328358211143e+00
3.896307934014136443e+00
2.348782403770625304e+00
1.578947368421055542e+00
1.280439905734484407e+00
1.084053417124900776e+00
8.798114689709365388e-01
8.405341712490196349e-01
8.091123330714840023e-01
6.834249803613505758e-01
5.420267085624519421e-01
6.755695208169690824e-01
5.263157894736837372e-01
4.320502749410837229e-01
3.377847604084835975e-01
3.849175176747857696e-01
3.692065985860168986e-01
4.556166535742336432e-01
3.377847604084854849e-01
4.006284367635503108e-01
2.985074626865669156e-01
1.963864886095834927e-01
2.199528672427335241e-01
4.241948153967027291e-01
2.042419481539674009e-01
2.985074626865669156e-01
2.042419481539668180e-01
3.063629222309502409e-01
2.592301649646502337e-01
2.278083267871168216e-01
2.435192458758835277e-01
2.356637863315027837e-01
2.513747054202668529e-01
2.278083267871168216e-01
1.963864886095834927e-01
1.806755695208168144e-01
2.120974076983501710e-01
1.806755695208168144e-01
2.120974076983501710e-01
1.571091908876667831e-01
1.806755695208168144e-01
1.256873527101348420e-01
1.963864886095834927e-01
2.356637863315001746e-01
3.220738413197168915e-01
1.728201099764334892e-01
1.649646504320501361e-01
1.099764336213667620e-01
1.021209740769845331e-01
1.099764336213667620e-01
4.713275726630003493e-02
2.356637863315001746e-02
7.855459544383339154e-03
0.000000000000000000e+00
0.000000000000000000e+00
0.000000000000000000e+00
0.000000000000000000e+00
0.000000000000000000e+00
