1.00E+00
2.00E+00
2.00E+00
0.00E+00
3.00E+00
1.00E+00
3.00E+00
3.00E+00
2.00E+00
1.00E+00
0.00E+00
3.00E+00
1.00E+00
1.00E+00
2.00E+00
2.00E+00
2.00E+00
1.00E+00
2.00E+00
2.00E+00
2.00E+00
2.00E+00
4.00E+00
1.00E+00
2.00E+00
0.00E+00
0.00E+00
1.00E+00
1.00E+00
4.00E+00
2.00E+00
0.00E+00
3.00E+00
2.00E+00
4.00E+00
1.38E+01
9.70E+00
2.00E+00
2.00E+00
6.60E+00
1.94E+01
8.40E+00
4.30E+00
8.70E+00
3.40E+00
8.20E+00
3.20E+00
2.25E+01
1.77E+01
3.35E+01
1.00E+01
3.00E+00
1.00E+00
4.00E+00
2.00E+00
2.00E+00
3.00E+00
2.00E+00
2.00E+00
4.20E+00
3.31E+01
4.20E+00
5.90E+00
0.00E+00
2.00E+00
0.00E+00
1.00E+00
2.00E+00
2.00E+00
0.00E+00
2.00E+00
2.00E+00
2.00E+00
2.00E+00
2.00E+00
5.00E+00
0.00E+00
2.00E+00
3.00E+00
1.00E+00
3.00E+00
3.00E+00
1.00E+00
2.00E+00
2.00E+00
0.00E+00
3.00E+00
2.00E+00
2.00E+00
1.00E+00
1.00E+00
5.00E+00
2.00E+00
0.00E+00
4.00E+00
3.00E+00
1.00E+00
1.00E+00
2.00E+00
4.00E+00
2.00E+00
2.00E+00
3.00E+00
2.00E+00
1.00E+00
3.00E+00
0.00E+00
0.00E+00
5.00E+00
3.00E+00
1.00E+00
1.00E+00
3.00E+00
0.00E+00
1.00E+00
2.00E+00
3.00E+00
1.10E+00
6.60E+00
5.70E+00
3.30E+01
1.20E+01
1.10E+00
1.00E+00
0.00E+00
2.00E+00
4.00E+00
2.00E+00
3.00E+00
1.00E+00
0.00E+00
2.00E+00
3.00E+00
3.00E+00
1.00E+00
4.00E+00
2.00E+00
3.00E+00
3.00E+00
2.00E+00
3.00E+00
4.00E+00
1.00E+00
0.00E+00
0.00E+00
4.00E+00
3.00E+00
1.00E+00
2.00E+00
0.00E+00
1.00E+00
0.00E+00
0.00E+00
3.00E+00
4.00E+00
2.00E+00
1.00E+00
4.00E+00
4.00E+00
3.00E+00
0.00E+00
0.00E+00
1.00E+00
3.00E+00
1.00E+00
2.00E+00
4.00E+00
0.00E+00
3.00E+00
1.00E+00
1.00E+00
5.00E+00
1.00E+00
1.00E+00
1.00E+00
2.00E+00
2.00E+00
2.00E+00
0.00E+00
0.00E+00
1.00E+00
3.00E+00
5.00E+00
3.00E+00
2.00E+00
2.00E+00
1.00E+00
1.00E+00
1.00E+00
4.00E+00
0.00E+00
3.00E+00
0.00E+00
3.00E+00
2.00E+00
1.00E+00
2.00E+00
2.00E+00
5.00E+00
0.00E+00
2.00E+00
1.00E+00
2.00E+00
2.00E+00
1.00E+00
2.00E+00
2.00E+00
4.00E+00
4.00E+00
2.00E+00
2.00E+00
0.00E+00
1.00E+00
1.00E+00
3.00E+00
2.00E+00
3.00E+00
1.00E+00
0.00E+00
3.00E+00
