1.00E+00
2.00E+00
2.00E+00
1.00E+00
2.00E+00
2.00E+00
0.00E+00
5.00E+00
5.00E+00
2.00E+00
4.00E+00
2.00E+00
4.00E+00
3.00E+00
1.00E+00
2.00E+00
2.00E+00
5.00E+00
2.00E+00
3.00E+00
5.00E+00
0.00E+00
1.00E+00
2.00E+00
0.00E+00
2.00E+00
1.00E+00
1.00E+00
1.00E+00
0.00E+00
2.00E+00
2.00E+00
3.00E+00
3.00E+00
4.00E+00
1.00E+00
0.00E+00
2.00E+00
0.00E+00
2.00E+00
1.00E+00
2.00E+00
1.00E+00
3.00E+00
1.00E+00
3.00E+00
1.00E+00
0.00E+00
4.00E+00
2.00E+00
3.00E+00
1.00E+00
2.00E+00
1.00E+00
1.00E+00
3.00E+00
3.00E+00
1.00E+00
2.00E+00
1.00E+00
4.00E+00
2.00E+00
0.00E+00
2.00E+00
2.00E+00
4.00E+00
5.00E+00
0.00E+00
1.00E+00
2.00E+00
3.00E+00
1.00E+00
1.00E+00
2.00E+00
3.00E+00
3.00E+00
3.00E+00
2.00E+00
3.00E+00
2.00E+00
4.00E+00
2.00E+00
0.00E+00
1.00E+00
3.00E+00
2.00E+00
1.00E+00
1.00E+00
1.00E+00
2.00E+00
2.00E+00
1.00E+00
2.00E+00
3.00E+00
0.00E+00
1.00E+00
4.00E+00
2.00E+00
4.00E+00
0.00E+00
1.00E+00
4.00E+00
3.00E+00
2.00E+00
2.00E+00
0.00E+00
1.00E+00
3.00E+00
0.00E+00
1.00E+00
4.00E+00
2.00E+00
2.00E+00
0.00E+00
1.00E+00
2.00E+00
3.00E+00
1.10E+00
6.60E+00
5.70E+00
3.30E+01
1.20E+01
1.10E+00
1.00E+00
0.00E+00
2.00E+00
4.00E+00
2.00E+00
3.00E+00
1.00E+00
0.00E+00
3.00E+00
1.00E+00
1.00E+00
1.00E+00
2.00E+00
1.00E+00
1.00E+00
1.00E+00
2.00E+00
0.00E+00
0.00E+00
3.00E+00
3.00E+00
1.00E+00
0.00E+00
1.00E+00
2.00E+00
5.00E+00
5.00E+00
3.00E+00
2.00E+00
4.00E+00
5.00E+00
2.00E+00
0.00E+00
2.00E+00
2.00E+00
1.00E+00
1.00E+00
4.00E+00
1.00E+00
1.00E+00
1.00E+00
2.00E+00
0.00E+00
3.00E+00
3.00E+00
3.00E+00
2.00E+00
3.00E+00
0.00E+00
2.00E+00
0.00E+00
2.00E+00
1.00E+00
3.00E+00
2.00E+00
2.00E+00
3.00E+00
1.00E+00
0.00E+00
1.00E+00
2.00E+00
1.00E+00
2.00E+00
1.00E+00
0.00E+00
1.00E+00
2.00E+00
2.00E+00
4.00E+00
4.00E+00
1.00E+00
0.00E+00
2.00E+00
1.00E+00
2.00E+00
6.00E+00
2.00E+00
2.00E+00
1.00E+00
3.00E+00
2.00E+00
4.00E+00
1.00E+00
1.00E+00
2.00E+00
2.00E+00
2.00E+00
3.00E+00
2.00E+00
3.00E+00
3.00E+00
0.00E+00
5.00E+00
3.00E+00
3.00E+00
4.00E+00
0.00E+00
