0.000000000000000000e+00
0.000000000000000000e+00
0.000000000000000000e+00
0.000000000000000000e+00
3.000000000000000000e+00
2.000000000000000000e+00
3.000000000000000000e+00
7.000000000000000000e+00
2.100000000000000000e+01
5.400000000000000000e+01
1.250000000000000000e+02
2.600000000000000000e+02
5.450000000000000000e+02
1.014000000000000000e+03
1.416000000000000000e+03
1.829000000000000000e+03
1.992000000000000000e+03
2.333000000000000000e+03
2.456000000000000000e+03
2.573000000000000000e+03
2.555000000000000000e+03
2.831000000000000000e+03
2.984000000000000000e+03
3.167000000000000000e+03
3.261000000000000000e+03
3.241000000000000000e+03
3.300000000000000000e+03
3.217000000000000000e+03
3.078000000000000000e+03
2.939000000000000000e+03
2.607000000000000000e+03
2.491000000000000000e+03
2.295000000000000000e+03
2.088000000000000000e+03
1.936000000000000000e+03
1.762000000000000000e+03
1.666000000000000000e+03
1.483000000000000000e+03
1.352000000000000000e+03
1.310000000000000000e+03
1.193000000000000000e+03
1.149000000000000000e+03
1.054000000000000000e+03
9.560000000000000000e+02
8.950000000000000000e+02
8.630000000000000000e+02
7.510000000000000000e+02
7.170000000000000000e+02
6.600000000000000000e+02
5.510000000000000000e+02
5.500000000000000000e+02
4.600000000000000000e+02
4.220000000000000000e+02
3.960000000000000000e+02
3.490000000000000000e+02
3.690000000000000000e+02
3.110000000000000000e+02
2.810000000000000000e+02
3.090000000000000000e+02
2.790000000000000000e+02
2.340000000000000000e+02
2.200000000000000000e+02
2.160000000000000000e+02
1.800000000000000000e+02
1.940000000000000000e+02
1.420000000000000000e+02
1.750000000000000000e+02
1.770000000000000000e+02
1.260000000000000000e+02
1.200000000000000000e+02
