1.000000000000000000e+01
1.500000000000000000e+01
3.000000000000000000e+01
2.800000000000000000e+01
3.400000000000000000e+01
3.200000000000000000e+01
4.500000000000000000e+01
6.100000000000000000e+01
8.900000000000000000e+01
1.130000000000000000e+02
1.870000000000000000e+02
1.990000000000000000e+02
2.760000000000000000e+02
3.790000000000000000e+02
4.140000000000000000e+02
5.420000000000000000e+02
6.550000000000000000e+02
7.900000000000000000e+02
9.500000000000000000e+02
1.068000000000000000e+03
1.201000000000000000e+03
1.432000000000000000e+03
1.684000000000000000e+03
1.878000000000000000e+03
2.079000000000000000e+03
2.261000000000000000e+03
2.494000000000000000e+03
2.577000000000000000e+03
2.814000000000000000e+03
2.901000000000000000e+03
3.041000000000000000e+03
3.216000000000000000e+03
3.422000000000000000e+03
3.482000000000000000e+03
3.529000000000000000e+03
3.493000000000000000e+03
3.231000000000000000e+03
3.217000000000000000e+03
3.148000000000000000e+03
2.789000000000000000e+03
2.660000000000000000e+03
2.468000000000000000e+03
2.126000000000000000e+03
2.009000000000000000e+03
1.743000000000000000e+03
1.496000000000000000e+03
1.351000000000000000e+03
1.179000000000000000e+03
9.730000000000000000e+02
7.890000000000000000e+02
6.530000000000000000e+02
5.340000000000000000e+02
4.610000000000000000e+02
3.730000000000000000e+02
2.790000000000000000e+02
2.240000000000000000e+02
2.080000000000000000e+02
1.770000000000000000e+02
1.260000000000000000e+02
9.100000000000000000e+01
7.000000000000000000e+01
6.100000000000000000e+01
3.700000000000000000e+01
2.600000000000000000e+01
1.800000000000000000e+01
1.500000000000000000e+01
1.800000000000000000e+01
1.300000000000000000e+01
8.000000000000000000e+00
8.000000000000000000e+00
