9.686168151879122334e-03
2.421542037969780237e-02
1.937233630375824467e-02
4.843084075939560473e-02
2.615265401007362822e-01
4.939945757458352182e-01
1.196241766757071501e+00
2.155172413793104536e+00
3.903525765207286113e+00
4.930259589306472456e+00
5.608291359938011311e+00
4.944788841534291990e+00
3.201278574196045223e+00
2.179387834172805682e+00
1.481983727237507598e+00
9.589306470360317025e-01
5.182099961255323128e-01
4.939945757458359399e-01
3.922898101511049784e-01
3.002712127082523552e-01
2.954281286323127698e-01
2.760557923285553716e-01
2.373111197210387990e-01
2.615265401007359491e-01
2.469972878729172483e-01
3.099573808601314706e-01
2.276249515691602943e-01
1.985664471135217268e-01
2.857419604804336544e-01
2.518403719488582215e-01
2.663696241766754791e-01
2.905850445563732398e-01
2.469972878729172483e-01
2.905850445563732398e-01
2.615265401007373924e-01
3.099573808601323033e-01
3.051142967841918852e-01
2.760557923285545390e-01
3.487020534676478767e-01
4.261913986826807998e-01
5.472685005811696035e-01
4.455637349864390306e-01
5.085238279736588041e-01
5.763270050368068942e-01
6.780317706315375226e-01
7.216195273149935696e-01
7.748934521503286765e-01
8.378535451375428433e-01
7.603641999225099202e-01
7.652072839984495056e-01
6.731886865555979371e-01
5.956993413405651250e-01
6.489732661759074483e-01
5.763270050368068942e-01
4.407206509104994452e-01
4.407206509104994452e-01
3.390158853157687613e-01
3.583882216195269921e-01
2.082526152654008422e-01
1.743510267338258812e-01
1.065478496706702000e-01
5.327392483533509998e-02
1.452925222781866095e-02
1.937233630375821691e-02
0.000000000000000000e+00
0.000000000000000000e+00
0.000000000000000000e+00
0.000000000000000000e+00
0.000000000000000000e+00
