0
0
0
0.06
0.12
0.415
0.934999999999999
1.85
4.205
6.34999999999999
6.985
6.115
3.06
2.23
1.64
1.28
1.33
1.025
0.844999999999999
0.919999999999999
0.955000000000002
0.899999999999999
0.684999999999999
0.740000000000001
0.565
0.585
0.35
0.39
0.380000000000002
0.45
0.265
0.235
0.36
0.125
0.2
0.17
0.165
0.13
0.0649999999999999
0.13
0.0649999999999999
0.110000000000001
0.045
0.04
0.0899999999999999
0.165
0.125
0.0999999999999999
0.045
0.125
0.0749999999999999
0.145
0.135
0.0649999999999999
0.15
0.355
0.13
0.375000000000004
0.16
0.125
0.125
0.04
0
0
0
0
0
0
0
0
