0
0
0
0.075
0.085
0.26
0.944999999999999
2.01
4.075
6.04999999999999
7.155
6.115
3.295
2.36
1.695
1.265
1.335
1.19
0.854999999999999
0.824999999999999
0.970000000000002
0.879999999999999
0.784999999999999
0.660000000000001
0.51
0.549999999999999
0.32
0.4
0.345000000000002
0.435
0.25
0.205
0.24
0.115
0.175
0.16
0.13
0.175
0.04
0.12
0.11
0.180000000000002
0.0599999999999999
0.045
0.055
0.15
0.15
0.115
0.0749999999999999
0.0999999999999999
0.0599999999999999
0.15
0.135
0.025
0.105
0.395
0.195
0.330000000000003
0.21
0.135
0.0899999999999999
0.0749999999999999
0
0
0
0
0
0
0
0
