0
0
0
0.04
0.145
0.345
0.869999999999999
1.82
4.505
6.31999999999999
6.975
5.755
3.19
2.42
1.63
1.27
1.35
1.06
0.789999999999999
0.819999999999999
1.01
0.919999999999999
0.739999999999999
0.660000000000001
0.609999999999999
0.595
0.355
0.365
0.425000000000002
0.445
0.245
0.25
0.33
0.135
0.18
0.18
0.165
0.17
0.0849999999999999
0.16
0.0849999999999999
0.095000000000001
0.0849999999999999
0.05
0.035
0.2
0.115
0.0949999999999999
0.0599999999999999
0.0899999999999999
0.055
0.12
0.155
0.055
0.115
0.375
0.17
0.270000000000003
0.185
0.15
0.0749999999999999
0.035
0
0
0
0
0
0
0
0
