0.000000000000000000e+00
0.000000000000000000e+00
0.000000000000000000e+00
6.453694740238789807e-02
1.290738948047757961e-01
3.388189738625364544e-01
9.035172636334305452e-01
1.936108422071636914e+00
4.388512423362377568e+00
6.195546950629238658e+00
7.018393030009684175e+00
5.872862213617298544e+00
3.339787028073569086e+00
2.339464343336564500e+00
1.613423685059699686e+00
1.226202000645368440e+00
1.339141658599547036e+00
1.016456921587610918e+00
8.067118425298498430e-01
9.196515004840262186e-01
9.519199741852201191e-01
8.551145530816408602e-01
7.583091319780589368e-01
6.776379477250720207e-01
4.840271055179085624e-01
5.324298160696994131e-01
3.710874475637320202e-01
4.033559212649238113e-01
3.710874475637299663e-01
4.356243949661201542e-01
2.742820264601481539e-01
2.097450790577603807e-01
3.226847370119390601e-01
1.290738948047756296e-01
1.774766053565674795e-01
1.774766053565669521e-01
1.452081316553725798e-01
1.613423685059695301e-01
6.453694740238781480e-02
1.129396579541786794e-01
9.680542110358171526e-02
1.452081316553725798e-01
8.067118425298565321e-02
3.226847370119390740e-02
6.453694740238781480e-02
1.774766053565664803e-01
1.129396579541786794e-01
9.680542110358171526e-02
6.453694740238781480e-02
1.129396579541786794e-01
8.067118425298476503e-02
1.452081316553725798e-01
1.452081316553741897e-01
4.840271055179085763e-02
1.452081316553725798e-01
3.872216844143268610e-01
2.097450790577603807e-01
3.226847370119390601e-01
2.097450790577603807e-01
1.290738948047770451e-01
8.067118425298476503e-02
4.840271055179085763e-02
0.000000000000000000e+00
0.000000000000000000e+00
0.000000000000000000e+00
0.000000000000000000e+00
0.000000000000000000e+00
0.000000000000000000e+00
0.000000000000000000e+00
