0.000000000000000000e+00
0.000000000000000000e+00
1.176747469992940262e-02
2.353494939985880524e-02
1.647446457990116020e-01
4.706989879971760216e-01
1.035537773593787181e+00
1.871028477288774639e+00
3.589079783478467345e+00
5.860202400564840985e+00
6.978112497058134522e+00
5.354200988467876954e+00
3.694987055777826601e+00
2.271122617086377637e+00
1.871028477288777303e+00
1.306189691692161814e+00
1.141445045893150212e+00
1.141445045893153543e+00
1.035537773593788735e+00
1.023770298893856623e+00
1.023770298893856623e+00
8.001882795952003358e-01
7.648858554954121036e-01
8.825606024947039163e-01
7.884208048952687786e-01
6.001412096963986142e-01
6.001412096964019449e-01
5.883737349964692775e-01
4.118616144975284499e-01
3.294892915980245918e-01
2.824193927983051911e-01
1.765121204989407722e-01
3.177218168980934232e-01
2.706519180983758543e-01
2.118145445987301145e-01
1.765121204989412440e-01
1.882795951988701644e-01
1.529771710990820155e-01
1.059072722993644605e-01
8.237232289950570385e-02
1.765121204989407722e-01
1.412096963991525955e-01
8.237232289950660591e-02
8.237232289950570385e-02
1.059072722993644605e-01
7.060484819957629776e-02
9.413979759943508219e-02
7.060484819957629776e-02
5.883737349964691943e-02
1.176747469992938389e-01
1.059072722993644605e-01
7.060484819957629776e-02
1.765121204989427151e-01
1.647446457990114077e-01
1.765121204989407722e-01
5.883737349964691943e-02
1.176747469992938389e-01
1.294422216992232311e-01
1.412096963991525955e-01
1.176747469992951572e-01
1.059072722993644605e-01
2.353494939985877055e-02
1.176747469992938527e-02
0.000000000000000000e+00
0.000000000000000000e+00
0.000000000000000000e+00
0.000000000000000000e+00
0.000000000000000000e+00
0.000000000000000000e+00
